COW Code,Period Number,Start Year,End Year,Duration,DEM( Start ),DEM( End ),DEM( Delta ),AUT( Start ),AUT( End ),AUT( Delta ),POL( Start ),POL( End ),POL( Delta ),Alpha Code,Country Name,
2,1,1967,1972,5,8,8,-1,0,0,0,8,8,-1,USA,United States,sus
40,1,1928,1933,5,4,4,0,3,1,2,1,3,-2,CUB,Cuba,
40,2,1955,2018,63,0,1,-4,9,6,8,-9,-5,-12,CUB,Cuba,
41,1,1935,1940,5,2,2,-2,1,1,1,1,1,-3,HAI,Haiti,sus
41,2,1950,1955,5,0,0,-4,5,5,5,-5,-5,-9,HAI,Haiti,sus
41,3,1961,1966,5,0,0,-4,7,7,7,-7,-7,-11,HAI,Haiti,sus
41,4,1971,1976,5,0,0,0,9,9,2,-9,-9,-2,HAI,Haiti,sus
42,1,1932,1937,5,0,0,-1,9,9,5,-9,-9,-6,DOM,Dominican Republic,sus
51,1,1993,1998,5,9,9,-1,0,0,0,9,9,-1,JAM,Jamaica,sus
70,1,1924,1929,5,1,1,0,4,4,2,-3,-3,-2,MEX,Mexico,sus
70,2,1930,1935,5,0,0,-1,6,6,2,-6,-6,-3,MEX,Mexico,sus
90,1,1900,1905,5,0,0,-8,9,9,9,-9,-9,-17,GUA,Guatemala,sus
90,2,1931,1936,5,0,0,-4,9,9,7,-9,-9,-11,GUA,Guatemala,sus
90,3,1950,1958,8,4,0,-6,2,5,5,2,-5,-11,GUA,Guatemala,
90,4,1970,1984,14,3,0,-4,2,6,6,1,-6,-10,GUA,Guatemala,
91,1,1904,1909,5,4,6,0,4,1,0,0,5,0,HON,Honduras,sus
91,2,1936,1941,5,1,1,-5,4,4,3,-3,-3,-8,HON,Honduras,sus
91,3,1972,1977,5,1,1,0,2,2,1,-1,-1,-1,HON,Honduras,sus
91,4,1985,1989,4,5,6,-1,0,0,0,5,6,-1,HON,Honduras,
92,1,1903,1908,5,0,0,-1,6,6,4,-6,-6,-5,SAL,El Salvador,sus
92,2,1931,1936,5,0,0,0,9,9,3,-9,-9,-3,SAL,El Salvador,sus
92,3,1961,1966,5,1,1,0,4,4,3,-3,-3,-3,SAL,El Salvador,sus
92,4,1977,1994,17,0,7,-1,6,0,2,-6,7,-3,SAL,El Salvador,
93,1,1936,1941,5,0,0,-1,8,8,4,-8,-8,-5,NIC,Nicaragua,sus
93,2,1981,1984,3,0,1,0,5,2,2,-5,-1,-2,NIC,Nicaragua,
94,1,1917,1920,3,0,6,-8,3,1,3,-3,5,-11,COS,Costa Rica,
94,2,1948,1949,1,4,9,-2,0,0,-1,4,9,-1,COS,Costa Rica,
95,1,1968,1973,5,0,0,-5,7,7,6,-7,-7,-11,PAN,Panama,sus
95,2,1984,1989,5,0,8,0,6,0,3,-6,8,-3,PAN,Panama,
100,1,1904,1909,5,1,1,-2,6,6,3,-5,-5,-5,COL,Colombia,sus
100,2,1948,1953,5,1,1,-5,6,6,5,-5,-5,-10,COL,Colombia,sus
100,3,1995,2000,5,7,7,-2,0,0,0,7,7,-2,COL,Colombia,sus
101,1,1909,1914,5,0,0,-1,6,6,2,-6,-6,-3,VEN,Venezuela,sus
101,2,1920,1925,5,0,0,0,9,9,3,-9,-9,-3,VEN,Venezuela,sus
101,3,1992,1997,5,8,8,-1,0,0,0,8,8,-1,VEN,Venezuela,sus
101,4,2001,2013,12,6,4,-6,0,0,4,6,4,-10,VEN,Venezuela,
110,1,1968,1973,5,4,4,-1,3,3,0,1,1,-1,GUY,Guyana,sus
110,2,1980,1985,5,0,0,-3,7,7,4,-7,-7,-7,GUY,Guyana,sus
110,3,1992,1997,5,6,6,6,0,0,-7,6,6,13,GUY,Guyana,sus
115,1,1982,1987,5,0,2,-1,6,3,4,-6,-1,-5,SUR,Suriname,
130,1,1901,1906,5,1,1,0,4,4,2,-3,-3,-2,ECU,Ecuador,sus
130,2,1963,1968,5,0,6,0,6,1,0,-6,5,0,ECU,Ecuador,sus
130,3,1972,1977,5,0,0,-4,5,5,1,-5,-5,-5,ECU,Ecuador,sus
130,4,2000,2005,5,6,6,-3,0,0,0,6,6,-3,ECU,Ecuador,sus
130,5,2007,2012,5,5,5,-2,0,0,0,5,5,-2,ECU,Ecuador,sus
135,1,1920,1925,5,0,0,-4,9,9,7,-9,-9,-11,PER,Peru,sus
135,2,1948,1950,2,0,1,-4,6,3,4,-6,-2,-8,PER,Peru,
135,3,1962,1963,1,0,6,-5,6,1,6,-6,5,-11,PER,Peru,
135,4,1968,1973,5,0,0,-6,7,7,6,-7,-7,-12,PER,Peru,sus
135,5,1992,1993,1,0,1,-8,4,2,4,-4,-1,-12,PER,Peru,
140,1,1934,1939,5,0,0,-1,7,7,3,-7,-7,-4,BRA,Brazil,sus
140,2,1947,1952,5,6,6,-1,1,1,1,5,5,-2,BRA,Brazil,sus
140,3,1965,1970,5,0,0,-4,9,9,8,-9,-9,-12,BRA,Brazil,sus
145,1,1936,1941,5,1,1,-2,6,6,4,-5,-5,-6,BOL,Bolivia,sus
145,2,1971,1976,5,0,0,0,7,7,2,-7,-7,-2,BOL,Bolivia,sus
145,3,1980,1982,2,0,7,0,7,0,3,-7,7,-3,BOL,Bolivia,
145,4,2003,2008,5,8,8,-1,0,0,0,8,8,-1,BOL,Bolivia,sus
145,5,2009,2014,5,7,7,-1,0,0,0,7,7,-1,BOL,Bolivia,sus
150,1,1936,1937,1,0,4,-1,7,2,3,-7,2,-4,PAR,Paraguay,
150,2,1940,1945,5,0,0,-4,9,9,7,-9,-9,-11,PAR,Paraguay,sus
150,3,1954,1959,5,0,0,-1,9,9,3,-9,-9,-4,PAR,Paraguay,sus
150,4,1998,1999,1,6,7,-1,0,0,0,6,7,-1,PAR,Paraguay,
155,1,1925,1930,5,1,1,-4,3,3,1,-2,-2,-5,CHL,Chile,sus
155,2,1973,1978,5,0,0,-6,7,7,7,-7,-7,-13,CHL,Chile,sus
160,1,1930,1935,5,0,0,-4,8,8,6,-8,-8,-10,ARG,Argentina,sus
160,2,1943,1948,5,0,0,0,8,9,0,-8,-9,0,ARG,Argentina,sus
160,3,1966,1971,5,0,0,-6,9,9,9,-9,-9,-15,ARG,Argentina,sus
160,4,1976,1981,5,0,0,-6,9,8,9,-9,-8,-15,ARG,Argentina,
160,5,1989,1994,5,7,7,-1,0,0,0,7,7,-1,ARG,Argentina,sus
165,1,1934,1939,5,3,3,-2,3,3,1,0,0,-3,URU,Uruguay,sus
165,2,1973,1978,5,0,0,-8,8,7,8,-8,-7,-16,URU,Uruguay,
205,1,1933,1938,5,8,8,-2,0,0,0,8,8,-2,IRE,Ireland,sus
211,1,2007,2012,5,8,8,-2,0,0,0,8,8,-2,BEL,Belgium,sus
220,1,1947,1952,5,8,8,-2,0,0,0,8,8,-2,FRN,France,sus
220,2,1958,1959,1,2,5,-6,2,1,2,0,4,-8,FRN,France,
230,1,1923,1925,2,0,0,-6,7,6,7,-7,-6,-13,SPN,Spain,
230,2,1939,1944,5,0,0,-8,7,7,6,-7,-7,-14,SPN,Spain,sus
235,1,1907,1908,1,0,5,-3,9,3,5,-9,2,-8,POR,Portugal,
235,2,1930,1935,5,0,0,-8,9,9,8,-9,-9,-16,POR,Portugal,sus
255,1,1933,1938,5,0,0,-6,9,9,9,-9,-9,-15,GMY,Germany,sus
265,1,1950,1955,5,0,0,0,8,8,1,-8,-8,-1,GDR,Germany East,sus
265,2,1960,1965,5,0,0,0,9,9,1,-9,-9,-1,GDR,Germany East,sus
290,1,1926,1931,5,2,2,-6,5,5,5,-3,-3,-11,POL,Poland,sus
290,2,1935,1980,45,0,0,-2,6,6,1,-6,-6,-3,POL,Poland,
290,3,1981,1983,2,0,0,0,8,7,2,-8,-7,-2,POL,Poland,
310,1,1919,1920,1,0,1,-1,7,2,2,-7,-1,-3,HUN,Hungary,
310,2,1948,1953,5,0,0,-1,7,7,5,-7,-7,-6,HUN,Hungary,sus
315,1,1946,1953,7,5,0,-7,0,7,7,5,-7,-14,CZE,Czechoslovakia,sus
316,1,2006,2011,5,9,9,-1,0,0,0,9,9,-1,CZR,Czech Republic,sus
325,1,1928,1933,5,0,0,-3,9,9,5,-9,-9,-8,ITA,Italy,sus
339,1,1925,1930,5,0,0,-2,9,9,5,-9,-9,-7,ALB,Albania,sus
339,2,1996,1997,1,3,6,-3,3,1,2,0,5,-5,ALB,Albania,
344,1,1995,2000,5,0,8,0,5,0,0,-5,8,0,CRO,Croatia,sus
345,1,1929,1934,5,0,0,-3,10,10,7,-10,-10,-10,YUG,Yugoslavia,sus
345,2,1945,1950,5,0,0,-5,7,7,4,-7,-7,-9,YUG,Yugoslavia,sus
347,1,1993,1997,4,0,0,0,7,6,2,-7,-6,-2,YGS,Yugoslavia,
348,2,2003,2006,3,6,9,2,0,0,0,6,9,2,MNT,Montenegro,
350,1,1915,1920,5,3,3,0,2,2,0,1,1,0,GRC,Greece,sus
350,2,1925,1926,1,0,10,-1,6,0,2,-6,10,-3,GRC,Greece,
350,3,1936,1944,8,0,8,-8,8,0,8,-8,8,-16,GRC,Greece,sus
350,4,1949,1954,5,7,7,-1,3,3,3,4,4,-4,GRC,Greece,sus
350,5,1967,1972,5,0,0,-7,7,7,4,-7,-7,-11,GRC,Greece,sus
352,1,1968,1973,5,7,7,-1,0,0,0,7,7,-1,CYP,Cyprus,sus
355,1,1919,1924,5,1,1,-3,4,4,2,-3,-3,-5,BUL,Bulgaria,sus
355,2,1935,1940,5,0,0,-1,10,10,6,-10,-10,-7,BUL,Bulgaria,sus
355,3,1947,1952,5,0,0,0,7,7,1,-7,-7,-1,BUL,Bulgaria,sus
360,1,1941,1946,5,0,1,0,7,4,0,-7,-3,0,RUM,Romania,sus
360,2,1947,1952,5,0,0,-1,7,7,3,-7,-7,-4,RUM,Romania,sus
360,3,1977,1982,5,0,0,0,8,8,1,-8,-8,-1,RUM,Romania,sus
364,1,1927,1932,5,0,0,0,8,8,1,-8,-8,-1,USR,USSR,sus
364,2,1933,1938,5,0,0,0,9,9,1,-9,-9,-1,USR,USSR,sus
365,1,1993,1998,5,4,4,-1,1,1,1,3,3,-2,RUS,Russia,sus
365,2,2007,2012,5,5,5,-1,1,1,1,4,4,-2,RUS,Russia,sus
366,1,1936,1991,55,0,7,-10,6,1,6,-6,6,-16,EST,Estonia,sus
367,1,1934,1939,5,0,0,-8,9,9,8,-9,-9,-16,LAT,Latvia,sus
368,1,1928,1933,5,0,0,-7,8,8,5,-8,-8,-12,LIT,Lithuania,sus
368,2,1935,1940,5,0,0,0,9,9,1,-9,-9,-1,LIT,Lithuania,sus
369,1,1993,1994,1,5,7,-1,0,0,0,5,7,-1,UKR,Ukraine,
369,2,2000,2005,5,6,6,-1,0,0,0,6,6,-1,UKR,Ukraine,sus
370,1,1996,2001,5,0,0,-3,7,7,4,-7,-7,-7,BLR,Belarus,sus
371,1,1996,1998,2,0,6,-3,6,1,4,-6,5,-7,ARM,Armenia,
372,1,2000,2004,4,4,6,0,2,0,2,2,6,-2,GRG,Georgia,
372,2,2007,2012,5,7,7,1,1,1,1,6,6,0,GRG,Georgia,sus
373,1,1995,2003,8,0,0,-1,6,7,3,-6,-7,-4,AZE,Azerbaijan,sus
375,1,1931,1936,5,7,7,-3,3,3,3,4,4,-6,FIN,Finland,sus
404,1,1980,1984,4,0,0,0,9,8,2,-9,-8,-2,GNB,Guinea-Bissau,
404,2,2003,2005,2,1,6,-4,2,0,2,-1,6,-6,GNB,Guinea-Bissau,
404,3,2012,2014,2,2,7,-5,1,1,0,1,6,-5,GNB,Guinea-Bissau,
411,1,1969,1974,5,0,0,-3,7,7,6,-7,-7,-9,EQG,Equatorial Guinea,sus
411,2,1996,2001,5,0,0,0,6,6,1,-6,-6,-1,EQG,Equatorial Guinea,sus
420,1,1981,1986,5,7,7,-1,0,0,0,7,7,-1,GAM,Gambia,sus
420,2,1994,1996,2,0,0,-8,7,6,7,-7,-6,-15,GAM,Gambia,
432,1,2013,2018,5,6,6,-1,1,1,1,5,5,-2,MLI,Mali,sus
433,1,1963,1968,5,0,0,-3,7,7,3,-7,-7,-6,SEN,Senegal,sus
433,2,2007,2012,5,7,7,-1,0,0,0,7,7,-1,SEN,Senegal,sus
434,1,1965,1970,5,0,1,-4,7,3,5,-7,-2,-9,BEN,Benin
434,2,1972,1977,5,0,0,-1,7,7,4,-7,-7,-5,BEN,Benin,sus
435,1,1962,1967,5,0,0,-2,7,7,1,-7,-7,-3,MAA,Mauritania,sus
435,2,2008,2009,1,0,0,-4,5,2,5,-5,-2,-9,MAA,Mauritania,
436,1,1974,1979,5,0,0,0,7,7,4,-7,-7,-4,NIR,Niger,sus
436,2,1996,1999,3,1,6,-5,4,1,4,-3,5,-9,NIR,Niger,
436,3,2009,2010,1,0,4,-7,3,1,2,-3,3,-9,NIR,Niger,
439,1,1980,1985,5,0,0,-5,7,7,6,-7,-7,-11,BFO,Burkina Faso,sus
450,1,1909,1914,5,0,0,-1,6,6,1,-6,-6,-2,LBR,Liberia,sus
450,2,1980,1984,4,0,0,0,7,6,1,-7,-6,-1,LBR,Liberia,
451,1,1967,1968,1,0,3,-6,7,2,7,-7,1,-13,SIE,Sierra Leone,
451,2,1971,1976,5,0,0,-3,6,6,4,-6,-6,-7,SIE,Sierra Leone,sus
451,3,1978,1983,5,0,0,0,7,7,1,-7,-7,-1,SIE,Sierra Leone,sus
451,4,1992,1996,4,0,5,0,7,1,1,-7,4,-1,SIE,Sierra Leone,
452,1,1964,1966,2,0,0,-2,9,4,4,-9,-4,-6,GHA,Ghana,
452,2,1972,1977,5,0,0,-4,7,7,7,-7,-7,-11,GHA,Ghana,sus
452,3,1982,1987,5,0,0,-5,7,7,7,-7,-7,-12,GHA,Ghana,sus
461,1,1967,1972,5,0,0,0,7,7,1,-7,-7,-1,TOG,Togo,sus
461,2,2005,2010,5,1,1,0,5,3,2,-4,-2,-2,TOG,Togo,
471,1,1966,1971,5,0,0,-4,7,7,7,-7,-7,-11,CAO,Cameroon,sus
471,2,1972,1977,5,0,0,0,8,8,1,-8,-8,-1,CAO,Cameroon,sus
471,3,1992,1997,5,0,0,-1,5,5,1,-5,-5,-2,CAO,Cameroon,sus
475,1,1966,1971,5,0,0,-8,7,7,6,-7,-7,-14,NIG,Nigeria,sus
475,2,1984,1989,5,0,0,-8,7,5,6,-7,-5,-14,NIG,Nigeria,
475,3,1993,1995,2,0,0,0,7,6,2,-7,-6,-2,NIG,Nigeria,
481,1,1968,1973,5,0,0,0,9,9,2,-9,-9,-2,GAB,Gabon,sus
482,1,2003,2008,5,1,1,-4,2,2,2,-1,-1,-6,CEN,Central African Republic,sus
483,1,1964,1969,5,0,0,0,9,6,1,-9,-6,-1,CHA,Chad,
483,2,1973,1975,2,0,0,0,8,7,2,-8,-7,-2,CHA,Chad,
484,1,1963,1968,5,0,0,-4,7,7,6,-7,-7,-10,CON,Congo-Brazzaville,sus
484,2,1979,1984,5,0,0,0,8,8,1,-8,-8,-1,CON,Congo-Brazzaville,sus
484,3,1997,2001,4,0,0,-6,6,5,5,-6,-5,-11,CON,Congo-Brazzaville,
500,1,1969,1974,5,0,0,0,7,7,1,-7,-7,-1,UGA,Uganda,sus
500,2,1986,1991,5,0,0,-4,7,7,6,-7,-7,-10,UGA,Uganda,sus
501,1,1964,1974,10,1,0,-5,2,7,7,-1,-7,-12,KEN,Kenya,sus
501,2,1982,1987,5,0,0,0,7,7,1,-7,-7,-1,KEN,Kenya,sus
501,3,2007,2010,3,7,8,-1,0,0,0,7,8,-1,KEN,Kenya,
516,1,1966,1971,5,0,0,-5,7,7,7,-7,-7,-12,BUI,Burundi,sus
517,1,1973,1978,5,0,0,-1,7,7,1,-7,-7,-2,RWA,Rwanda,sus
517,2,2010,2013,3,0,0,0,4,3,1,-4,-3,-1,RWA,Rwanda,
520,1,1969,1974,5,0,0,-7,7,7,7,-7,-7,-14,SOM,Somalia,sus
529,1,2005,2010,5,1,1,-2,4,4,2,-3,-3,-4,ETI,Ethiopia,sus
530,1,1930,1935,5,0,0,-5,5,5,4,-5,-5,-9,ETH,Ethiopia,sus
530,2,1946,1951,5,0,0,0,9,9,4,-9,-9,-4,ETH,Ethiopia,sus
530,3,1984,1989,5,0,0,0,8,8,1,-8,-8,-1,ETH,Ethiopia,sus
531,1,2001,2006,5,0,0,0,7,7,1,-7,-7,-1,ERI,Eritrea,sus
551,1,1968,1977,9,3,0,-4,3,9,7,0,-9,-11,ZAM,Zambia,sus
551,2,1996,2001,5,3,5,-3,2,0,2,1,5,-5,ZAM,Zambia,
552,1,1983,1992,9,3,0,-5,2,6,5,1,-6,-10,ZIM,Zimbabwe,sus
552,2,2001,2006,5,1,1,0,5,5,1,-4,-4,-1,ZIM,Zimbabwe,sus
553,1,2001,2003,2,5,6,-1,1,1,1,4,5,-2,MAW,Malawi,
570,1,1970,1978,8,0,0,-5,5,7,7,-5,-7,-12,LES,Lesotho,sus
570,2,1986,1990,4,0,0,0,10,7,3,-10,-7,-3,LES,Lesotho,
572,1,1973,1978,5,0,0,0,10,10,2,-10,-10,-2,SWA,Swaziland,sus
572,2,1986,1991,5,0,0,0,9,9,2,-9,-9,-2,SWA,Swaziland,sus
572,3,1993,1998,5,0,0,0,7,7,1,-7,-7,-1,SWA,Swaziland,sus
580,1,1975,1980,5,0,0,-1,6,6,2,-6,-6,-3,MAG,Madagascar,sus
580,2,1998,2003,5,7,7,-2,0,0,0,7,7,-2,MAG,Madagascar,sus
580,3,2009,2011,2,3,4,-4,3,1,3,0,3,-7,MAG,Madagascar,
581,1,1984,1989,5,0,0,0,9,9,6,-9,-9,-6,COM,Comoros,sus
581,2,1999,2000,1,1,1,-4,3,2,2,-2,-1,-6,COM,Comoros,
600,1,1965,1970,5,0,0,-1,9,9,5,-9,-9,-6,MOR,Morocco,sus
615,1,1965,1970,5,0,0,0,9,9,1,-9,-9,-1,ALG,Algeria,sus
615,2,1992,1995,3,0,1,-1,7,4,4,-7,-3,-5,ALG,Algeria,
616,1,1957,1962,5,0,0,-1,9,9,4,-9,-9,-5,TUN,Tunisia,sus
616,2,2002,2007,5,1,1,0,5,5,1,-4,-4,-1,TUN,Tunisia,sus
625,1,1958,1963,5,0,0,-7,7,4,7,-7,-4,-14,SUD,Sudan,
625,2,1971,1973,2,0,0,0,7,6,1,-7,-6,-1,SUD,Sudan,
625,3,1989,1994,5,0,0,-8,7,7,6,-7,-7,-14,SUD,Sudan,sus
625,4,1999,2004,5,0,0,0,6,6,-1,-6,-6,1,SUD,Sudan,sus
626,5,2010,2011,1,1,0,0,3,4,1,-2,-4,-1,SDN,Sudan-North,
630,1,1935,1940,5,0,0,0,8,8,1,-8,-8,-1,IRN,Iran,sus
630,2,1953,1958,5,0,0,-5,10,10,9,-10,-10,-14,IRN,Iran,sus
630,3,2004,2005,1,0,0,-4,7,6,6,-7,-6,-10,IRN,Iran,
630,4,2009,2014,5,0,0,0,7,7,1,-7,-7,-1,IRN,Iran,sus
640,1,1923,1928,5,0,0,-3,6,6,2,-6,-6,-5,TUR,Turkey,sus
640,2,1934,1939,5,0,0,0,7,7,1,-7,-7,-1,TUR,Turkey,sus
640,3,1954,1959,5,5,5,-2,1,1,1,4,4,-3,TUR,Turkey,sus
640,4,1965,1970,5,8,8,-1,0,0,0,8,8,-1,TUR,Turkey,sus
640,5,1971,1973,2,2,9,-6,4,0,4,-2,9,-10,TUR,Turkey,
640,6,1980,1983,3,2,7,-7,7,0,7,-5,7,-14,TUR,Turkey,
640,7,1993,2002,9,9,8,-1,1,1,1,8,7,-2,TUR,Turkey,sus
645,1,1941,1946,5,1,1,0,5,5,1,-4,-4,-1,IRQ,Iraq,sus
645,2,1958,1963,5,0,0,-1,5,5,0,-5,-5,-1,IRQ,Iraq,sus
645,3,1968,1973,5,0,0,0,7,7,2,-7,-7,-2,IRQ,Iraq,sus
645,4,1979,1984,5,0,0,0,9,9,2,-9,-9,-2,IRQ,Iraq,sus
651,1,1930,1935,5,1,5,0,7,4,0,-6,1,0,EGY,Egypt,sus
651,2,1952,1957,5,0,0,-7,7,7,6,-7,-7,-13,EGY,Egypt,sus
651,3,2013,2018,5,0,0,0,4,4,2,-4,-4,-2,EGY,Egypt,sus
652,1,1951,1954,3,0,4,-4,6,0,6,-6,4,-10,SYR,Syria,
652,2,1963,1968,5,0,0,-7,8,8,8,-8,-8,-15,SYR,Syria,sus
652,3,1970,1975,5,0,0,0,9,9,1,-9,-9,-1,SYR,Syria,sus
652,4,2012,2017,5,0,0,0,9,9,3,-9,-9,-3,SYR,Syria,sus
663,1,1957,1962,5,0,0,-6,9,9,8,-9,-9,-14,JOR,Jordan,sus
663,2,1974,1979,5,0,0,0,10,10,1,-10,-10,-1,JOR,Jordan,sus
663,3,2007,2012,5,2,2,0,5,5,1,-3,-3,-1,JOR,Jordan,sus
666,1,1967,1972,5,9,9,-1,0,0,0,9,9,-1,ISR,Israel,sus
666,2,1981,1986,5,7,7,-2,1,1,1,6,6,-3,ISR,Israel,sus
678,1,1966,1971,5,0,0,-2,3,3,1,-3,-3,-3,YAR,Yemen North,sus
678,2,1974,1982,8,0,0,0,4,6,3,-4,-6,-3,YAR,Yemen North,sus
680,1,1970,1983,13,0,0,0,6,8,3,-6,-8,-3,YPR,Yemen South,sus
690,1,1965,1970,5,0,0,0,9,9,1,-9,-9,-1,KUW,Kuwait,sus
690,2,1976,1981,5,0,0,0,10,8,2,-10,-8,-2,KUW,Kuwait,
690,3,1986,1991,5,0,0,0,10,9,0,-10,-9,0,KUW,Kuwait,sus
692,1,1975,1980,5,0,0,0,10,10,3,-10,-10,-3,BAH,Bahrain,sus
692,2,2012,2017,5,0,0,0,10,10,2,-10,-10,-2,BAH,Bahrain,sus
698,1,1957,1962,5,0,0,0,10,10,4,-10,-10,-4,OMA,Oman,sus
700,1,1935,1940,5,0,0,-1,8,8,1,-8,-8,-2,AFG,Afghanistan,sus
700,2,1945,1950,5,0,0,0,10,10,2,-10,-10,-2,AFG,Afghanistan,sus
701,3,1989,1991,2,0,0,-1,8,8,7,-8,-8,-8,TKM,Turkmenistan,
701,1,1992,1997,5,0,0,0,9,9,1,-9,-9,-1,TKM,Turkmenistan,sus
702,1,1992,1997,5,0,0,-1,6,5,3,-6,-5,-4,TAJ,Tajikistan,
702,2,2003,2008,5,1,1,-1,4,4,1,-3,-3,-2,TAJ,Tajikistan,sus
703,1,2009,2014,5,2,7,0,1,0,0,1,7,0,KYR,Kyrgyzstan,sus
705,1,1995,2000,5,0,0,-1,6,6,2,-6,-6,-3,KZK,Kazakhstan,sus
710,1,1914,1919,5,1,1,-2,6,6,5,-5,-5,-7,CHN,China,sus
710,2,1949,1954,5,0,0,-1,8,8,2,-8,-8,-3,CHN,China,sus
710,3,1966,1969,3,0,0,0,9,8,1,-9,-8,-1,CHN,China,
712,1,1934,1939,5,0,0,0,9,9,2,-9,-9,-2,MON,Mongolia,sus
731,1,1956,1961,5,0,0,0,8,8,1,-8,-8,-1,PRK,Korea North,sus
731,2,1966,1971,5,0,0,0,9,9,1,-9,-9,-1,PRK,Korea North,sus
731,3,1994,1999,5,0,0,0,10,10,1,-10,-10,-1,PRK,Korea North,sus
732,1,1952,1957,5,1,1,0,5,5,1,-4,-4,-1,ROK,Korea South,sus
732,2,1961,1963,2,0,4,-8,7,1,7,-7,3,-15,ROK,Korea South,
732,3,1972,1973,1,0,0,-4,9,8,8,-9,-8,-12,ROK,Korea South,
750,1,1975,1977,2,6,8,-3,0,0,-1,6,8,-2,IND,India,
769,1,1958,1962,4,0,3,-8,7,2,7,-7,1,-15,PKS,Pakistan,
770,1,1977,1982,5,0,0,-8,7,7,7,-7,-7,-15,PAK,Pakistan,sus
770,2,1997,2002,5,7,0,-8,0,5,6,7,-5,-14,PAK,Pakistan,
771,1,1975,1978,3,0,0,-2,7,4,3,-7,-4,-5,BNG,Bangladesh,
771,2,1982,1986,4,0,0,0,7,5,3,-7,-5,-3,BNG,Bangladesh,
771,3,2007,2009,2,0,6,-6,6,1,6,-6,5,-12,BNG,Bangladesh,
775,1,1958,1960,2,2,6,-5,1,1,0,1,5,-5,MYA,Myanmar (Burma),
775,2,1964,1969,5,0,0,0,7,7,1,-7,-7,-1,MYA,Myanmar (Burma),sus
775,3,1974,1979,5,0,0,0,9,9,2,-9,-9,-2,MYA,Myanmar (Burma),sus
775,4,1990,1995,5,0,0,0,5,5,1,-5,-5,-1,MYA,Myanmar (Burma),sus
775,5,2004,2009,5,0,0,0,6,6,1,-6,-6,-1,MYA,Myanmar (Burma),sus
780,1,1978,1987,9,6,6,-2,0,1,1,6,5,-3,SRI,Sri Lanka,sus
780,2,2003,2006,3,6,7,-1,1,1,0,5,6,-1,SRI,Sri Lanka,
780,3,2010,2015,5,4,7,-2,1,1,0,3,6,-2,SRI,Sri Lanka,
790,1,1947,1956,9,0,0,-1,5,7,3,-5,-7,-4,NEP,Nepal,sus
790,2,1960,1962,2,0,0,-4,10,9,8,-10,-9,-12,NEP,Nepal,
790,3,2002,2006,4,1,7,-6,7,1,6,-6,6,-12,NEP,Nepal,
800,1,1952,1955,3,0,1,-1,6,4,2,-6,-3,-3,THI,Thailand,
800,2,1958,1963,5,0,0,-1,7,7,3,-7,-7,-4,THI,Thailand,sus
800,3,1971,1976,5,0,4,0,7,1,0,-7,3,0,THI,Thailand,sus
800,4,1976,1981,5,0,3,0,7,1,0,-7,2,0,THI,Thailand,sus
800,5,1991,1992,1,1,9,-3,2,0,1,-1,9,-4,THI,Thailand,
800,6,2006,2007,1,0,2,-9,5,3,5,-5,-1,-14,THI,Thailand,
811,1,1976,1998,22,0,3,-3,7,1,7,-7,2,-10,CAM,Cambodia,
820,1,1969,1971,2,3,5,-4,2,1,2,1,4,-6,MAL,Malaysia,
820,2,1996,2001,5,4,4,-1,1,1,0,3,3,-1,MAL,Malaysia,sus
820,3,2014,2018,4,6,7,0,1,0,1,5,7,-1,MAL,Malaysia,
840,1,1972,1977,5,0,0,-4,9,9,7,-9,-9,-11,PHI,Philippines,sus
850,1,1950,1955,5,3,3,-2,3,3,1,0,0,-3,INS,Indonesia,sus
850,2,1959,1964,5,0,0,-2,5,5,2,-5,-5,-4,INS,Indonesia,sus
850,3,1967,1972,5,0,0,0,7,7,1,-7,-7,-1,INS,Indonesia,sus
950,1,1987,1990,3,1,6,-5,2,1,2,-1,5,-7,FJI,Fiji,
950,2,2001,2004,3,6,7,-3,1,1,0,5,6,-3,FJI,Fiji,
950,3,2007,2012,5,0,0,0,4,4,1,-4,-4,-1,FJI,Fiji,sus
