COW Code	Period #	Starting Year	Ending Year	Total Years	Polyarchy Change (Cumulative)	LibDem Change (Cumulative)	PartipDem Change (Cumulative)	DelibDem Change (Cumulative)	EgalDem Change (Cumulative)
2	1	1917	1926	9	0.109	0.074	0.062	0.054	0.058
2	2	1942	1952	10	0.045	0.051	0.03	0.017	0.032
2	3	1955	1960	5	0.036	0.02	0.024	0.039	0.032
2	4	1969	1974	5	0.057	0.091	0.053	0.048	0.124
2	5	1981	1986	5	0.012	0.01	0.01	-0.029	0.013
2	6	2000	2005	5	-0.01	-0.013	-0.009	-0.036	-0.024
2	7	2016	2023	7	-0.057	-0.082	-0.051	-0.142	-0.131
20	1	1914	1923	9	0.177	0.137	0.126	0.158	0.131
20	2	1930	1935	5	-0.01	-0.011	-0.006	-0.002	0.004
20	3	1939	1948	9	0.013	0.028	0.019	0.032	0.053
20	4	1957	1962	5	0.06	0.063	0.049	0.081	0.093
20	5	1970	1979	9	0.012	0.015	0.006	0.02	0.01
20	6	1985	1990	5	-0.004	-0.003	-0.001	-0.013	0
20	7	1997	2002	5	-0.013	-0.015	-0.032	-0.009	-0.013
20	8	2007	2016	9	0.007	0.009	0.011	0.024	-0.004
20	9	2020	2023	3	-0.007	-0.026	-0.007	-0.081	-0.059
40	1	1904	1912	8	-0.03	-0.015	-0.006	-0.012	-0.007
40	2	1925	1933	8	-0.058	-0.048	-0.037	-0.181	-0.01
40	3	1934	1939	5	0.101	0.068	0.057	0.188	0.036
40	4	1950	1958	8	-0.153	-0.176	-0.087	-0.313	-0.072
40	5	1959	1967	8	-0.211	-0.117	-0.151	-0.047	0.118
40	6	1990	1995	5	0.036	0.005	-0.001	-0.007	0.005
40	7	2004	2009	5	0.055	0.008	0.009	0.029	0.007
41	1	1903	1908	5	-0.035	-0.006	-0.004	-0.006	-0.004
41	2	1915	1923	8	-0.059	-0.031	-0.008	-0.002	-0.006
41	3	1932	1937	5	-0.011	0.014	-0.002	-0.003	0.001
41	4	1945	1954	9	0.05	0.011	0.015	0.024	0.009
41	5	1956	1961	5	-0.068	-0.074	-0.012	-0.08	-0.011
41	6	1965	1970	5	0	0	-0.01	0	0
41	7	1983	1991	8	0.178	0.127	0.145	0.145	0.065
41	8	1992	1997	5	0.11	0.116	0.058	0.109	0.04
41	9	1999	2009	10	0.005	0.004	-0.001	0.006	-0.012
41	10	2010	2018	8	-0.034	-0.041	-0.008	-0.045	-0.012
41	11	2019	2023	4	-0.196	-0.177	-0.145	-0.066	-0.063
42	1	1902	1907	5	-0.021	-0.017	-0.007	-0.005	-0.005
42	2	1909	1914	5	-0.004	-0.003	-0.001	-0.001	-0.001
42	3	1916	1921	5	-0.115	-0.051	-0.035	-0.023	-0.018
42	4	1930	1935	5	-0.141	-0.062	-0.069	-0.03	-0.053
42	5	1955	1960	5	-0.004	0	-0.038	0	0.001
42	6	1964	1969	5	-0.105	-0.13	-0.048	-0.107	-0.054
42	7	1986	1995	9	-0.078	-0.068	-0.042	-0.016	-0.028
42	8	2010	2018	8	-0.083	-0.052	-0.061	-0.098	-0.043
42	9	2022	2023	1	-0.003	-0.02	-0.017	-0.027	-0.008
51	1	1959	1964	5	0.026	0.046	0.047	0.072	0.073
51	2	1967	1972	5	-0.014	-0.002	-0.007	0.008	0.011
51	3	1973	1981	8	-0.054	-0.03	-0.023	-0.015	0.009
51	4	2018	2023	5	-0.018	-0.026	-0.037	-0.051	0.037
52	1	1971	1976	5	0.009	0.011	0.02	0.007	0.013
52	2	2001	2006	5	0.003	0.009	-8.67E-19	-0.001	0.009
52	3	2010	2018	8	-0.02	-0.019	-0.008	0.034	-0.049
52	4	2022	2023	1	-0.013	-0.01	-0.004	-0.015	-0.006
53	1	2015	2020	5	0.024	0.02	0.017	0.024	0.02
53	2	2021	2023	2	-0.004	-0.001	-0.007	-0.006	0.006
70	1	1913	1918	5	-0.036	0.008	-0.009	0.013	0.01
70	2	1920	1925	5	-0.037	-0.011	-0.016	-0.006	-0.009
70	3	1930	1935	5	0.016	0.004	-0.001	0.008	0.015
70	4	1941	1946	5	-0.006	0	-0.002	-0.011	0.002
70	5	1959	1964	5	0.001	0.001	0	-0.018	0.01
70	6	2006	2011	5	-0.055	-0.043	-0.033	-0.029	-0.024
70	7	2013	2023	10	-0.115	-0.162	-0.03	-0.212	-0.054
90	1	1922	1927	5	0.019	0.002	0.003	0.002	0.002
90	2	1930	1935	5	-0.038	-0.021	0.018	-0.044	-0.006
90	3	1953	1958	5	-0.229	-0.15	-0.124	-0.285	-0.106
90	4	1963	1968	5	0.029	0.012	0.014	0.033	0.005
90	5	1971	1979	8	-0.014	-0.015	-0.003	-0.02	-0.003
90	6	1982	1987	5	0.209	0.136	0.142	0.181	0.064
90	7	2012	2017	5	0.035	0.053	0.02	-0.018	0.012
90	8	2018	2023	5	-0.121	-0.148	-0.076	-0.099	-0.048
91	1	1907	1912	5	0.013	-8.67E-19	0.002	0.01	0.003
91	2	1920	1925	5	-0.011	-0.006	-0.002	-0.002	-0.002
91	3	1955	1963	8	-0.067	-0.054	-0.011	0.016	-0.008
91	4	1964	1969	5	-0.036	-0.023	-0.021	-0.09	-0.032
91	5	1973	1978	5	-0.112	-0.052	-0.032	-0.037	-0.023
91	6	2000	2005	5	-0.002	0.013	0.03	-0.035	0.005
91	7	2006	2014	8	-0.126	-0.061	-0.058	-0.128	-0.066
91	8	2015	2023	8	0.097	0.12	0.043	0.09	0.089
92	1	1919	1924	5	-0.012	-0.003	-0.003	-0.006	-0.003
92	2	1931	1936	5	-0.05	-0.041	-0.02	-0.037	-0.005
92	3	1944	1954	10	0.024	0.017	0.015	0.019	0.01
92	4	1961	1966	5	0.016	0.003	0.01	0.013	0.004
92	5	1972	1977	5	-0.017	-0.01	-0.016	-0.024	-0.006
92	6	1979	1984	5	-0.015	-0.002	0.007	0.004	0.005
92	7	2011	2021	10	-0.212	-0.266	-0.151	-0.309	-0.094
92	8	2022	2023	1	-0.018	-0.052	-0.01	-0.002	-0.027
93	1	1913	1918	5	0.062	0.012	0.009	0.001	0.007
93	2	1924	1929	5	-0.055	-0.003	-0.008	-0.021	-0.006
93	3	1933	1938	5	0.034	-0.022	-0.004	-0.016	0.003
93	4	1947	1952	5	-0.002	-0.005	0	-0.006	0.001
93	5	1957	1962	5	0.002	-0.001	0	-0.013	0.001
93	6	1968	1977	9	-0.003	0	0.001	-0.011	0.001
93	7	1979	1987	8	0.194	0.126	0.092	0.283	0.189
93	8	1993	2001	8	-0.099	-0.1	-0.08	-0.129	-0.092
93	9	2005	2013	8	-0.286	-0.259	-0.174	-0.35	-0.124
93	10	2016	2023	7	-0.151	-0.099	-0.096	-0.114	-0.072
94	1	1917	1922	5	-0.004	0.005	5.20E-18	0.016	0.001
94	2	1936	1941	5	-0.012	0.002	0.001	0.015	0.004
94	3	1948	1953	5	0.334	0.311	0.265	0.302	0.286
94	4	2016	2021	5	-0.012	-0.01	-0.032	-0.011	-0.018
94	5	2022	2023	1	-0.027	-0.03	-0.033	-0.038	-0.031
95	1	1910	1915	5	0.006	0.002	0.001	0.002	0.008
95	2	1931	1936	5	-0.007	0.001	-0.004	0.011	0
95	3	1941	1950	9	0.012	0.01	-0.008	0.02	0.015
95	4	1951	1956	5	0.045	0.025	0.016	0.027	0.016
95	5	1964	1973	9	-0.291	-0.134	-0.091	-0.043	-0.031
95	6	1975	1984	9	0.032	0	0.015	-0.087	-0.015
95	7	1998	2003	5	0.018	0.016	0.01	0.044	0.018
95	8	2010	2018	8	-0.012	-0.019	-0.03	-0.047	-0.033
95	9	2019	2023	4	-0.003	0.028	-0.018	-0.051	-0.037
100	1	1905	1910	5	0.056	0.035	0.013	0.006	0.01
100	2	1914	1919	5	-0.034	-0.013	-0.008	-0.008	-0.006
100	3	1922	1927	5	-0.018	-0.006	-0.004	-0.003	-0.003
100	4	1946	1954	8	-0.167	-0.101	-0.045	-0.161	-0.031
100	5	1970	1975	5	0.092	0.05	0.038	0.116	0.044
100	6	1978	1983	5	0.015	0.012	0.015	-0.026	-0.007
100	7	1992	1997	5	0.035	0.036	0.011	-0.066	0.069
100	8	1998	2007	9	0.022	0.028	0.022	0.052	0
100	9	2018	2023	5	0.028	0.018	0.005	-0.048	0.034
101	1	1949	1954	5	-0.288	-0.172	-0.109	-0.22	-0.128
101	2	1962	1967	5	-0.03	-0.023	-0.009	0.024	-0.016
101	3	1984	1989	5	0.001	-0.007	0.071	-0.018	0.012
101	4	1994	2003	9	-0.268	-0.38	-0.148	-0.384	-0.177
101	5	2004	2012	8	-0.083	-0.094	-0.066	-0.081	-0.07
101	6	2013	2021	8	-0.18	-0.087	-0.121	-0.141	-0.159
101	7	2022	2023	1	-0.01	-0.005	0.003	-0.004	-0.011
110	1	1953	1961	8	0.018	0.01	-0.006	-0.046	0.084
110	2	1965	1973	8	0.014	-0.003	0.031	-0.051	0.093
110	3	1974	1979	5	-0.023	-0.011	0.002	-0.011	-0.011
110	4	1980	1985	5	-0.039	-0.019	-0.038	-0.013	-0.008
110	5	2019	2023	4	-0.157	-0.127	-0.107	-0.211	-0.121
115	1	1975	1985	10	-0.351	-0.248	-0.15	-0.317	-0.149
115	2	1990	1995	5	0.031	0.067	0.014	0.038	0.039
115	3	2010	2015	5	-0.009	-0.02	-0.012	-0.002	-0.002
115	4	2017	2023	6	-0.012	0.003	-0.005	-0.02	-0.006
130	1	1906	1911	5	-0.053	-0.005	-0.016	-0.023	-0.011
130	2	1916	1924	8	-0.004	-0.033	-0.011	-0.022	0.003
130	3	1925	1930	5	0.029	0.008	0.017	-0.009	0.008
130	4	1932	1940	8	-0.04	-0.029	-0.013	-0.007	-0.008
130	5	1944	1949	5	0.126	0.087	0.046	0.05	0.05
130	6	1952	1957	5	-0.001	-0.002	0.001	0.007	-0.001
130	7	1960	1968	8	-0.107	-0.04	-0.027	-0.057	-0.024
130	8	1970	1978	8	-0.177	-0.113	-0.053	-0.063	-0.031
130	9	1984	1989	5	0.029	0.031	0.034	0.015	0.013
130	10	1993	1998	5	-0.021	-0.011	0.014	0.051	0.007
130	11	1999	2008	9	-0.065	-0.115	-0.008	-0.012	0.034
130	12	2009	2017	8	-0.074	-0.009	-0.092	-0.035	-0.026
130	13	2019	2023	4	-0.009	-0.004	0.046	-0.108	-0.075
135	1	1903	1908	5	-0.013	0.009	-0.005	-0.001	-0.003
135	2	1910	1918	8	-0.002	-0.041	0.001	-0.043	-0.001
135	3	1919	1924	5	-0.061	-0.068	-0.073	-0.019	-0.004
135	4	1930	1938	8	-0.059	-0.02	-0.011	-0.008	-0.008
135	5	1948	1953	5	-0.14	-0.194	-0.042	-0.051	-0.026
135	6	1962	1967	5	0.05	0.083	0.073	0.046	0.061
135	7	1968	1973	5	-0.317	-0.302	-0.099	-0.18	-0.03
135	8	1979	1984	5	0.468	0.404	0.228	0.432	0.179
135	9	1985	1995	10	-0.423	-0.369	-0.202	-0.37	-0.185
135	10	1998	2003	5	0.43	0.529	0.333	0.548	0.302
135	11	2004	2012	8	0.026	0.037	0.06	-0.066	0.024
135	12	2013	2021	8	-0.055	-0.032	-0.061	-0.084	-0.026
135	13	2022	2023	1	-0.07	-0.085	-0.072	-0.17	-0.069
140	1	1911	1916	5	0.001	0	0.001	-0.009	0
140	2	1930	1939	9	-0.153	-0.078	-0.089	-0.038	0.021
140	3	1964	1969	5	-0.229	-0.207	-0.133	-0.24	-0.074
140	4	2015	2023	8	-0.093	-0.097	-0.086	-0.101	-0.107
145	1	1920	1925	5	-0.009	-0.003	-0.001	0.003	-0.002
145	2	1930	1940	10	-0.016	-0.013	-0.008	-0.02	0.004
145	3	1943	1951	8	-0.039	-0.01	-0.015	-0.009	-0.007
145	4	1964	1974	10	-0.169	-0.093	-0.064	-0.154	-0.055
145	5	1980	1985	5	0.322	0.28	0.171	0.321	0.181
145	6	1998	2007	9	-0.019	-0.061	0.119	-0.073	0.003
145	7	2009	2018	9	-0.123	-0.115	-0.12	-0.144	-0.081
145	8	2019	2023	4	-0.012	0.008	-0.041	-0.058	-0.023
150	1	1908	1916	8	0.002	0.003	0.002	0	0
150	2	1936	1944	8	-0.099	-0.059	-0.009	-0.039	-0.011
150	3	1947	1952	5	0.008	0.011	-0.011	-0.01	-0.007
150	4	1954	1964	10	0.007	-0.012	0.001	-0.021	0.006
150	5	2011	2020	9	-0.058	-0.087	-0.05	-0.095	-0.065
150	6	2022	2023	1	-0.004	-0.005	-0.006	-0.027	0.001
155	1	1924	1932	8	-0.035	-0.068	-0.001	-0.016	0.01
155	2	1946	1954	8	0.042	0.009	0.02	-0.029	0.016
155	3	1972	1977	5	-0.635	-0.499	-0.379	-0.546	-0.345
155	4	2010	2015	5	0	0.004	0.004	-3.47E-18	0.029
155	5	2017	2023	6	-0.054	-0.058	0.006	-0.044	-0.043
160	1	1904	1909	5	-0.013	-0.006	-0.006	-0.005	-0.001
160	2	1929	1939	10	-0.204	-0.131	-0.097	-0.158	-0.105
160	3	1943	1952	9	0.035	-0.065	0.013	-0.053	0.113
160	4	1954	1959	5	0.144	0.156	0.078	0.245	0.068
160	5	1962	1971	9	-0.375	-0.268	-0.153	-0.311	-0.231
160	6	1975	1980	5	-0.493	-0.277	-0.247	-0.314	-0.275
160	7	1985	1994	9	0.009	-0.034	-0.004	0.008	-0.022
160	8	2002	2010	8	-0.082	-0.098	-0.072	-0.231	-0.064
160	9	2015	2023	8	0.053	0.085	0.041	0.046	0.048
165	1	1904	1913	9	-0.013	0.001	0.003	0.018	0.015
165	2	1931	1936	5	-0.094	-0.142	-0.083	-0.21	-0.059
165	3	1963	1972	9	-0.3	-0.331	-0.231	-0.386	-0.224
165	4	1973	1981	8	-0.389	-0.293	-0.28	-0.284	-0.209
165	5	1999	2008	9	0.021	0.022	-0.002	0.044	0.059
165	6	2015	2023	8	-0.065	-0.076	-0.1	-0.133	-0.109
200	1	1914	1919	5	0.218	0.171	0.136	0.157	0.123
200	2	1921	1926	5	0.007	0.013	0.006	-0.012	0.001
200	3	1939	1944	5	-0.03	-0.038	-0.014	0.003	0.018
200	4	1956	1961	5	0	0.001	-0.015	0.033	-0.005
200	5	1968	1973	5	-0.003	0.006	0.003	-0.001	0.004
200	6	1979	1984	5	-0.022	-0.01	-0.015	-0.044	-0.056
200	7	2004	2009	5	0.012	0.012	0.006	-0.004	0.01
200	8	2010	2018	8	0.006	0.005	0.034	-0.012	-0.013
200	9	2019	2023	4	-0.023	-0.039	-0.037	-0.019	-0.036
205	1	1929	1934	5	0.01	0.013	-0.01	0.018	0.021
205	2	1938	1943	5	-0.021	-0.019	-0.024	-0.017	-0.01
210	1	1940	1945	5	-0.553	-0.509	-0.317	-0.355	-0.29
210	2	1994	2003	9	8.67E-19	0	-0.008	-0.005	0.005
210	3	2010	2015	5	0.009	0.009	-0.011	0.021	0.007
210	4	2017	2023	6	-0.028	-0.035	-0.053	-0.023	-0.051
211	1	1914	1919	5	-0.262	-0.223	-0.097	-0.099	-0.135
211	2	1940	1945	5	-0.263	-0.166	-0.145	-0.071	-0.127
211	3	1951	1956	5	0.014	0.013	-0.008	0.014	0.014
211	4	2004	2009	5	0.012	0.014	0.011	0.005	0.012
211	5	2020	2023	3	-0.005	-0.025	-0.004	0.002	-0.008
212	1	1940	1945	5	-0.342	-0.26	-0.247	-0.391	-0.192
212	2	2020	2023	3	-0.002	0	-0.061	0.006	-0.013
220	1	1914	1919	5	-0.027	-0.022	-0.013	-0.03	-0.014
220	2	1939	1944	5	-0.465	-0.399	-0.266	-0.341	-0.215
220	3	1954	1959	5	-0.001	0.001	0.026	0.002	0.015
220	4	1968	1973	5	0.066	0.093	0.047	0.118	0.071
220	5	2015	2023	8	-0.018	-0.012	-0.036	-0.013	-0.081
225	1	2020	2023	3	-0.017	-0.022	-0.013	-0.021	-0.017
230	1	1923	1928	5	-0.115	-0.077	-0.069	-0.075	-0.02
230	2	1934	1942	8	-0.485	-0.356	-0.304	-0.334	-0.296
230	3	1993	1998	5	-0.002	0.006	-0.024	-0.02	-0.003
230	4	2003	2008	5	-0.006	-0.001	0.019	0.005	-0.005
230	5	2012	2020	8	-0.016	-0.031	-0.028	-0.04	-0.017
230	6	2021	2023	2	-0.034	-0.035	-0.033	-0.065	-0.075
235	1	1917	1926	9	-0.135	-0.11	-0.074	-0.086	-0.043
235	2	1927	1932	5	0.009	0.007	0	-0.007	-0.007
235	3	1934	1939	5	-0.006	-0.001	-0.012	-0.004	0
235	4	1978	1983	5	0.116	0.121	0.072	0.116	0.122
235	5	1991	1996	5	-0.001	-0.002	0	0.006	0.003
235	6	2011	2016	5	-0.009	-0.014	-0.023	0.01	0.003
235	7	2019	2023	4	-0.054	-0.098	-0.063	-0.115	-0.127
255	1	1914	1919	5	0.32	0.225	0.202	0.251	0.266
255	2	1923	1933	10	-0.444	-0.458	-0.269	-0.458	-0.342
255	3	1934	1942	8	-0.13	-0.05	-0.124	-0.038	-0.051
255	4	2013	2023	10	-0.047	-0.057	-0.039	-0.058	-0.049
260	1	1952	1957	5	0.018	0.02	0.015	0.02	0.033
265	1	1955	1960	5	-0.003	0.003	-0.008	-0.001	-0.001
290	1	1926	1934	8	-0.402	-0.296	-0.161	-0.306	-0.202
290	2	1947	1952	5	0.009	0.001	-0.025	-0.004	0.012
290	3	1958	1966	8	-0.01	-0.003	-0.003	-0.017	-0.004
290	4	1972	1977	5	-0.002	0.001	0	-0.012	-0.001
290	5	1981	1986	5	-0.02	0.001	-0.044	-0.022	-0.007
290	6	1997	2006	9	0	0.008	0.015	-0.044	0.005
290	7	2014	2022	8	-0.314	-0.407	-0.282	-0.386	-0.301
300	1	1914	1918	4	0.037	0.021	0.012	0	0
305	1	1930	1938	8	-0.611	-0.476	-0.362	-0.345	-0.341
305	2	1986	1991	5	-0.001	0.016	-0.017	-0.004	-0.007
305	3	1992	1997	5	0.004	0.002	0.024	0.013	-0.005
305	4	2000	2005	5	0.002	0.002	-0.019	-0.01	0
305	5	2009	2014	5	-0.001	0.003	0.033	-0.007	-0.007
305	6	2016	2023	7	-0.029	-0.032	-0.066	-0.083	-0.026
310	1	1919	1924	5	-0.03	0.009	-0.006	-0.058	0.009
310	2	1927	1932	5	-0.03	-0.014	-0.002	-0.012	-0.007
310	3	1937	1945	8	-0.157	-0.182	-0.084	-0.152	-0.009
310	4	1947	1955	8	-0.085	-0.069	-0.081	-0.164	0.006
310	5	1956	1961	5	-0.017	0.006	-0.003	-0.018	0
310	6	1993	1998	5	0.002	0.002	0.024	-0.009	-0.011
310	7	1999	2004	5	0.002	0.008	0.001	-0.043	-0.009
310	8	2005	2015	10	-0.226	-0.281	-0.231	-0.251	-0.234
310	9	2016	2023	7	-0.183	-0.16	-0.121	-0.164	-0.16
315	1	1930	1938	8	-0.14	-0.129	-0.091	-0.139	-0.13
315	2	1939	1944	5	-0.594	-0.491	-0.357	-0.401	-0.403
315	3	1948	1957	9	-0.097	-0.097	-0.071	-0.115	-0.068
315	4	1968	1973	5	-0.074	-0.012	-0.011	-0.029	-0.027
315	5	1988	1992	4	0.691	0.753	0.541	0.708	0.552
316	1	1998	2003	5	-0.002	-0.005	0.036	0.012	-0.002
316	2	2009	2018	9	-0.082	-0.11	-0.085	-0.142	-0.096
316	3	2019	2023	4	0.051	0.086	0.033	0.094	0.062
317	1	2002	2011	9	0.009	0.006	-0.002	0.035	0.018
317	2	2012	2020	8	-0.006	0.01	-0.038	-0.053	-0.038
317	3	2022	2023	1	-0.028	-0.027	-0.016	-0.147	-0.016
325	1	1914	1919	5	0.005	0.003	0.004	0.001	0.019
325	2	1921	1929	8	-0.32	-0.251	-0.147	-0.253	-0.078
325	3	1939	1944	5	0.048	0.063	0.027	0.117	0.055
325	4	1948	1953	5	0.054	0.062	0.046	0.081	0.058
325	5	1990	1999	9	0.025	0.032	0.032	0.026	0.028
325	6	2001	2006	5	0.011	0.02	0.032	0.012	0.013
325	7	2008	2018	10	0.001	0.003	-0.01	-0.01	-0.003
325	8	2019	2023	4	-0.031	-0.033	-0.023	-0.043	-0.036
338	1	1930	1939	9	-0.15	-0.137	-0.039	-0.065	-0.058
338	2	1940	1945	5	-0.005	-0.002	-0.002	-0.003	0.006
338	3	1946	1951	5	0.429	0.325	0.146	0.237	0.29
338	4	1957	1962	5	-0.324	-0.285	-0.133	-0.191	-0.197
338	5	1965	1970	5	-0.015	-0.013	-0.017	-0.009	0.005
338	6	1971	1976	5	-0.02	-0.019	0.006	0.008	-0.015
338	7	1977	1987	10	0.032	0.03	0.016	0.072	0.049
338	8	1995	2000	5	0.011	0.01	0.009	0.01	-0.003
338	9	2013	2022	9	-0.043	0.002	-0.02	-0.057	-0.026
339	1	1915	1920	5	0.045	0.01	0.005	0.035	0.01
339	2	1923	1928	5	-0.052	-0.05	-0.02	-0.05	0.003
339	3	1929	1934	5	-0.001	0.004	0	0.011	0.007
339	4	1937	1945	8	-0.128	-0.104	-0.029	-0.057	0.068
339	5	1993	2001	8	0.017	0.033	0.06	0.021	0.014
339	6	2007	2012	5	-0.004	0.002	-0.012	-0.018	0.003
339	7	2013	2022	9	-0.024	-0.016	-0.023	-0.113	-0.004
339	8	2023	2023	0	-0.013	-0.031	-0.007	-0.022	-0.009
341	1	1908	1913	5	-0.025	-0.012	-0.004	0	-0.006
341	2	1916	1998	82	-0.033	-0.026	-0.004	-0.026	-0.009
341	3	2007	2012	5	-0.004	0.025	0.025	0.012	0.02
341	4	2013	2022	9	0.007	0.006	-0.034	-0.018	0.009
343	1	2000	2009	9	-0.03	-0.043	0.031	0.05	-0.022
343	2	2010	2018	8	0.047	0.009	0.04	0.111	0.025
343	3	2020	2023	3	-0.043	-0.057	-0.041	-0.064	-0.05
344	1	2002	2007	5	0.015	0.012	0.009	-0.075	0.017
344	2	2013	2021	8	-0.099	-0.098	-0.078	-0.118	-0.12
344	3	2022	2023	1	-0.023	-0.008	-0.022	-0.022	-0.018
345	1	1915	1920	5	0.002	0.011	0.009	0.03	-0.008
345	2	1928	1933	5	-0.064	-0.072	-0.018	-0.032	-0.005
345	3	1940	1945	5	-0.097	-0.072	-0.012	-0.11	0.051
345	4	1991	1996	5	0.094	0.038	0.032	0.023	0.031
345	5	1999	2009	10	0.331	0.34	0.242	0.374	0.227
345	6	2010	2018	8	-0.271	-0.243	-0.19	-0.274	-0.173
345	7	2019	2023	4	0.005	-0.033	0.006	-0.023	0.006
346	1	1994	2003	9	0.401	0.322	0.271	0.364	0.276
346	2	2004	2012	8	-0.083	-0.049	-0.043	-0.029	-0.047
346	3	2013	2023	10	-0.061	-0.04	-0.029	-0.046	-0.044
347	1	2005	2010	5	0.004	0.011	0.018	0.014	0.006
347	2	2011	2016	5	0.113	0.059	0.075	0.124	0.077
347	3	2017	2023	6	0.032	0.048	0.028	0.005	0.045
349	1	1993	2002	9	-0.002	-0.005	0.045	0.022	0.002
349	2	2004	2013	9	0.015	0.031	-0.03	-0.067	0.018
349	3	2016	2023	7	-0.116	-0.151	-0.134	-0.138	-0.125
350	1	1903	1908	5	-0.016	-0.009	-0.011	-0.007	-0.005
350	2	1915	1920	5	-0.154	-0.069	-0.047	-0.06	-0.055
350	3	1921	1930	9	-0.01	0.007	-0.015	0.003	0.011
350	4	1935	1945	10	-0.233	-0.175	-0.09	-0.102	-0.067
350	5	1966	1971	5	-0.32	-0.247	-0.173	-0.278	-0.124
350	6	2004	2009	5	0.009	0.006	0.009	0.005	0.013
350	7	2013	2021	8	-0.13	-0.17	-0.08	-0.15	-0.153
350	8	2022	2023	1	-0.02	-0.062	-0.023	-0.036	-0.029
352	1	1925	1934	9	-0.005	-0.005	-0.018	-0.046	-0.005
352	2	1963	1968	5	0	-0.002	0.002	-0.017	-0.01
352	3	1986	1991	5	0.067	0.066	0.148	0.056	0.067
352	4	1998	2008	10	0.068	0.1	0.07	0.095	0.107
352	5	2009	2017	8	-0.004	-0.004	-0.006	-0.052	0.008
352	6	2019	2023	4	-0.059	-0.089	-0.065	-0.07	-0.067
355	1	1904	1909	5	0.008	0.007	0.003	-0.002	0.003
355	2	1912	1917	5	-0.028	-0.01	-0.012	-0.052	-0.009
355	3	1923	1928	5	-0.032	-0.008	-0.019	-0.014	-0.025
355	4	1934	1944	10	-0.045	-0.061	-0.028	-0.08	-0.018
355	5	1945	1950	5	0.017	-0.063	-0.006	-0.087	0.087
355	6	1951	1956	5	0.006	0	-0.008	-0.018	0.005
355	7	1998	2006	8	-0.007	-0.002	-0.009	-0.036	-0.018
355	8	2009	2018	9	-0.098	-0.109	0.006	-0.131	-0.091
355	9	2019	2023	4	0.049	0.071	0.013	0.109	0.047
359	1	1994	2003	9	-0.011	0.004	0.028	-0.099	-0.004
359	2	2005	2010	5	0.094	0.123	0.103	0.238	0.089
359	3	2012	2020	8	-0.016	-0.038	0.006	-0.091	-0.018
359	4	2023	2023	0	-0.05	-0.042	-0.037	-0.052	-0.04
360	1	1924	1929	5	0.008	0	0.002	0.003	0.016
360	2	1930	1935	5	-0.023	-0.007	-0.005	-0.007	-0.006
360	3	1937	1945	8	-0.085	-0.085	-0.021	-0.141	-0.007
360	4	1947	1955	8	0.019	-0.024	-0.041	-0.005	0.082
360	5	2001	2009	8	0.055	0.096	0.078	0.044	0.037
360	6	2012	2022	10	0.006	-0.006	0.025	-0.118	-0.055
360	7	2023	2023	0	-0.02	-0.04	-0.032	-0.038	-0.007
365	1	1918	1923	5	0.016	-0.041	-0.015	-0.031	0.114
365	2	1935	1943	8	-0.018	-0.002	0	-0.013	-0.007
365	3	1962	1970	8	-0.005	0	0.044	-0.022	-0.002
365	4	1993	2001	8	-0.122	-0.094	-0.082	-0.122	-0.076
365	5	2002	2010	8	-0.071	-0.067	-0.046	-0.066	-0.033
365	6	2012	2017	5	-0.035	-0.025	-0.03	-0.085	-0.016
365	7	2019	2023	4	-0.073	-0.047	-0.026	-0.066	-0.069
366	1	1922	1927	5	0.009	0.012	0.006	0.016	0.015
366	2	1929	1937	8	-0.578	-0.45	-0.33	-0.426	-0.356
366	3	1992	1997	5	0.263	0.282	0.193	0.197	0.2
366	4	1999	2004	5	-0.003	0.001	0.027	0.014	-0.014
366	5	2019	2023	4	-0.011	-0.016	-0.019	-0.062	-0.008
367	1	1929	1938	9	-0.607	-0.465	-0.404	-0.495	-0.364
367	2	1995	2000	5	0.017	0.024	0.055	-0.012	0.014
367	3	2005	2010	5	-0.023	-0.013	0.01	0.007	-0.006
367	4	2016	2023	7	0.005	0.004	-0.05	-0.021	0.003
368	1	1924	1932	8	-0.447	-0.311	-0.215	-0.329	-0.222
368	2	1937	1990	53	-0.023	-0.005	-0.005	-0.007	-0.006
368	3	1995	2000	5	-0.008	0	-0.013	0.013	-0.003
368	4	2009	2017	8	-0.02	-0.017	1.73E-18	-0.099	-0.042
368	5	2018	2023	5	-0.008	-0.015	-0.018	0.008	-0.008
369	1	1993	2001	8	-0.156	-0.1	-0.046	-0.09	-0.16
369	2	2009	2018	9	-0.184	-0.155	-0.119	-0.111	-0.142
369	3	2020	2023	3	-0.109	-0.068	-0.048	-0.111	-0.054
370	1	1993	2001	8	-0.32	-0.342	-0.235	-0.267	-0.19
370	2	2020	2023	3	-0.102	-0.076	-0.041	-0.075	-0.058
371	1	1993	2001	8	-0.192	-0.128	-0.079	-0.231	-0.184
371	2	2002	2007	5	-0.075	-0.027	-0.027	-0.001	-0.041
371	3	2008	2018	10	0.177	0.215	0.164	0.251	0.152
371	4	2020	2023	3	-0.166	-0.209	-0.227	-0.207	-0.163
372	1	1992	1997	5	0.053	0.069	0.024	0.132	0.021
372	2	2008	2013	5	0.076	0.084	0.081	0.111	0.045
372	3	2018	2023	5	-0.086	-0.045	-0.082	-0.062	-0.081
373	1	1993	2001	8	-0.122	-0.129	0.007	-0.137	-0.129
373	2	2002	2007	5	-0.027	-0.009	-0.006	-0.024	-0.012
373	3	2014	2023	9	-0.015	-0.004	-0.023	-0.011	-0.017
375	1	1908	1913	5	-0.008	0.023	-0.026	-0.062	-0.003
375	2	1914	1919	5	0.3	0.275	0.191	0.286	0.255
375	3	1923	1928	5	-0.016	-0.005	-0.01	-0.016	-0.014
375	4	1930	1935	5	-0.051	-0.031	-0.013	-0.105	-0.036
375	5	1939	1944	5	-0.109	-0.097	-0.085	-0.16	-0.074
375	6	1956	1965	9	-0.007	-0.003	-0.01	-0.047	-0.001
375	7	1987	1992	5	0.019	0.023	0.018	0.022	0.008
375	8	1993	1998	5	0.008	0.007	0.035	0.001	0.012
375	9	2011	2020	9	-0.01	-0.007	-0.007	-0.022	-0.028
375	10	2021	2023	2	-0.014	-0.018	-0.019	-0.013	-0.027
380	1	1906	1911	5	0.016	0.015	0.007	0.006	0.01
380	2	1936	1944	8	-0.038	-0.035	-0.021	-0.062	-0.015
380	3	2013	2018	5	-0.01	-0.009	-0.02	-0.014	-0.044
380	4	2019	2023	4	-0.025	-0.026	-0.024	-0.069	-0.033
385	1	1917	1922	5	-0.002	0.001	0.014	0.001	0.006
385	2	1939	1947	8	0.06	0.058	0.098	0.151	0.073
385	3	2013	2023	10	-0.011	-0.031	-0.013	-0.011	-0.023
390	1	1917	1922	5	0.011	0.029	0.024	0.008	0.022
390	2	1933	1938	5	-0.015	-0.019	-0.002	-0.016	0.001
390	3	1940	1948	8	0.047	0.062	0.031	0.075	0.052
395	1	1909	1914	5	0.001	0.002	-0.014	0.001	0.001
395	2	1917	1922	5	-0.008	-0.001	-0.024	0.03	0.008
395	3	1930	1938	8	0.014	1.73E-18	0.013	0.01	0.07
395	4	1940	1945	5	0.002	0.016	0.055	0.066	0.003
395	5	1968	1973	5	0.003	0	0.012	-0.017	0.011
395	6	2013	2018	5	0.002	0.003	0	0.005	-0.005
395	7	2019	2023	4	-0.046	-0.054	-0.062	-0.068	-0.086
402	1	1976	1981	5	0.107	0.072	0.04	0.166	0.118
402	2	2000	2005	5	-0.009	-0.007	-0.006	0	0.009
402	3	2013	2021	8	-0.016	-0.025	0.008	-0.093	-0.043
402	4	2022	2023	1	-0.022	-0.032	-0.023	-0.032	-0.026
403	1	2006	2011	5	0.014	0.01	-0.001	0.015	0.013
403	2	2016	2023	7	-0.02	-0.016	-0.006	-0.049	-0.015
404	1	1981	1986	5	-0.029	-0.006	-0.003	-0.032	-0.009
404	2	1998	2008	10	0.043	0.029	0.037	0.04	0.034
404	3	2012	2021	9	0.089	0.06	0.043	-0.015	0.065
404	4	2022	2023	1	-0.115	-0.1	-0.048	-0.044	-0.069
411	1	1969	1977	8	-0.101	-0.059	-0.063	-0.056	-0.025
411	2	1979	1984	5	0.08	0.039	0.038	0.052	0.056
420	1	1972	1982	10	-0.052	-0.04	-0.019	-0.024	-0.003
420	2	1993	1998	5	-0.205	-0.204	-0.021	-0.159	-0.092
420	3	2019	2023	4	0.104	0.093	0.066	0.1	0.072
432	1	1958	1963	5	0.088	0.068	0.049	0.136	0.14
432	2	1964	1973	9	-0.147	-0.072	-0.036	-0.151	-0.062
432	3	1997	2002	5	0.009	-0.019	-0.004	-0.015	0.007
432	4	2007	2017	10	-0.094	-0.093	-0.099	-0.091	-0.076
432	5	2018	2023	5	-0.301	-0.179	-0.122	-0.178	-0.137
433	1	1963	1968	5	-0.033	-0.016	0.01	-0.015	-0.015
433	2	1973	1978	5	0.002	0.003	-0.005	0.009	0.005
433	3	2001	2006	5	0.007	0.025	0.026	0.017	0.021
433	4	2017	2023	6	-0.104	-0.12	-0.063	-0.082	-0.092
434	1	1964	1969	5	-0.078	-0.095	-0.022	-0.032	-0.032
434	2	1970	1978	8	-0.169	-0.047	-0.048	-0.108	-0.064
434	3	2007	2016	9	0.048	0.043	0.046	0.035	0.039
434	4	2017	2023	6	-0.215	-0.262	-0.198	-0.335	-0.175
435	1	1960	1970	10	-0.046	-0.001	0.022	0.03	0.02
435	2	1978	1983	5	-0.114	-0.078	-0.044	-0.09	-0.059
435	3	2005	2013	8	0.098	0.032	0.052	0.068	0.029
435	4	2017	2023	6	-0.068	0.003	0.056	-0.012	-0.017
436	1	1948	1953	5	-0.018	-0.001	-0.001	-0.001	0.001
436	2	1959	1964	5	0.086	0.037	0.069	0.025	0.068
436	3	1974	1979	5	-0.097	-0.043	-0.013	-0.017	0.011
436	4	1980	1985	5	0.002	0.002	0.003	0	-0.011
436	5	1992	2001	9	0.159	0.15	0.109	0.21	0.097
436	6	2009	2018	9	-0.038	-0.02	-0.048	0.038	-0.03
436	7	2019	2023	4	-0.149	-0.123	-0.036	-0.149	-0.09
437	1	1960	1965	5	0.046	0.056	-0.004	0.031	0.085
437	2	1966	1971	5	-0.014	-0.002	-0.002	-0.002	-0.004
437	3	1989	1994	5	0.181	0.085	0.091	0.118	0.09
437	4	1995	2004	9	0.092	0.079	0.065	0.175	0.065
437	5	2005	2010	5	-0.005	-0.005	-0.001	-8.67E-19	-0.009
437	6	2011	2016	5	0.083	0.054	0.062	0.08	0.047
437	7	2017	2023	6	-0.075	-0.103	-0.044	-0.051	-0.049
438	1	1953	1958	5	0.044	0.013	0.008	0.088	0.04
438	2	1960	1965	5	-0.047	-0.02	-0.029	-0.066	-0.006
438	3	1984	1989	5	-0.042	0.001	0.022	-0.006	-0.031
438	4	1996	2004	8	0.013	0.009	0.012	-0.024	0.008
438	5	2008	2013	5	0.048	-0.003	0.023	0.019	0.033
438	6	2017	2023	6	-0.191	-0.078	-0.106	-0.072	-0.089
439	1	1965	1970	5	-0.189	-0.093	-0.021	-0.071	-0.078
439	2	1971	1979	8	0.075	0.044	-0.018	0.021	0.028
439	3	1981	1986	5	-0.164	-0.076	-0.047	-0.047	-0.057
439	4	1988	1993	5	0.315	0.143	0.119	0.204	0.111
439	5	2014	2022	8	-0.304	-0.171	-0.165	-0.174	-0.144
439	6	2023	2023	0	-0.091	-0.054	-0.045	-0.071	-0.036
450	1	1944	1949	5	0.034	-0.023	0.008	-0.057	0.018
450	2	1950	1960	10	-0.055	-0.027	-0.024	-0.018	-0.011
450	3	1980	1985	5	-0.096	-0.052	-0.045	-0.14	0.037
450	4	1989	1999	10	0.114	0.028	0.047	0.114	0.039
450	5	2003	2008	5	0.307	0.345	0.191	0.377	0.22
450	6	2010	2018	8	-0.027	-0.074	-0.012	-0.095	-0.006
450	7	2019	2023	4	0.014	0.005	0.01	0.031	-0.006
451	1	1967	1972	5	-0.153	-0.086	-0.064	-0.068	-0.075
451	2	1973	1982	9	-0.025	-0.008	-0.024	-0.013	-0.006
451	3	1990	1998	8	0.024	-0.013	0.044	0.098	0.047
451	4	2004	2012	8	-0.057	-0.048	-0.018	-0.042	-0.035
451	5	2023	2023	0	-0.065	-0.05	-0.039	-0.051	-0.047
452	1	1958	1966	8	-0.29	-0.203	-0.095	-0.191	-0.079
452	2	1967	1977	10	-0.037	-0.019	-0.006	-0.034	-0.029
452	3	1981	1986	5	-0.442	-0.331	-0.176	-0.258	-0.145
452	4	2013	2021	8	-0.108	-0.101	-0.074	-0.16	-0.092
461	1	1962	1972	10	-0.186	-0.083	-0.089	-0.126	-0.025
461	2	1998	2006	8	0.016	0.018	0.017	0.079	0.018
461	3	2010	2015	5	0.034	0.027	-0.007	0.015	0.026
461	4	2017	2023	6	-0.073	-0.063	0.049	-0.05	-0.066
471	1	2013	2021	8	-0.034	-0.035	-0.059	-0.074	-0.014
471	2	2023	2023	0	-0.001	-0.012	-0.008	-0.015	-0.002
475	1	1959	1969	10	-0.03	-0.11	0.064	-0.07	0.01
475	2	1983	1988	5	-0.19	-0.168	-0.102	-0.162	-0.063
475	3	1994	1999	5	0.147	0.091	0.098	0.24	0.092
475	4	2003	2008	5	-0.057	-0.022	-0.028	-0.036	-0.026
475	5	2016	2023	7	-0.075	-0.083	-0.049	-0.089	-0.051
481	1	1964	1972	8	-0.025	-0.014	-0.023	-0.061	-0.004
481	2	2013	2022	9	-0.001	-0.013	-0.014	-0.092	-0.008
481	3	2023	2023	0	-0.077	-0.031	-0.035	-0.075	-0.038
482	1	1960	1968	8	-0.126	-0.034	-0.026	-0.046	0.043
482	2	1982	1987	5	-0.039	0.002	-0.017	-0.032	-0.015
482	3	1995	2004	9	-0.132	-0.131	-0.044	-0.116	-0.067
482	4	2009	2018	9	0.07	0.056	0.012	0.032	0.017
482	5	2019	2023	4	-0.107	-0.149	-0.041	-0.069	-0.074
483	1	1960	1968	8	-0.078	-0.01	0.015	0.019	-0.007
483	2	1972	1980	8	-0.103	-0.058	-0.019	-0.052	-0.035
483	3	1982	1987	5	-0.011	0.005	-0.001	-0.009	-0.005
483	4	2017	2023	6	-0.133	-0.045	-0.02	-0.017	-0.029
484	1	1962	1967	5	-0.175	-0.104	-0.01	-0.105	-0.044
484	2	1968	1973	5	-0.033	-0.062	-0.064	-0.075	-0.031
484	3	1977	1982	5	0.002	-0.003	0.036	0	-0.003
484	4	1994	2002	8	-0.259	-0.217	-0.175	-0.194	-0.13
484	5	2019	2023	4	-0.007	0.013	0.005	0.018	0.008
490	1	1963	1971	8	-0.14	-0.127	-0.025	-0.129	-0.047
490	2	1993	2002	9	-0.042	0.001	-0.027	-0.027	0.037
490	3	2012	2020	8	9.54E-18	0.001	-0.016	0.08	0.005
490	4	2021	2023	2	-0.037	-0.033	-0.044	-0.037	-0.048
500	1	1966	1974	8	-0.306	-0.217	-0.143	-0.278	-0.166
500	2	1985	1990	5	-0.045	0.065	0.061	0.132	0.006
500	3	1997	2006	9	0.022	0.016	0.038	-0.017	0.008
500	4	2016	2023	7	-0.031	-0.027	-0.068	-0.02	-0.038
501	1	1934	1939	5	0.001	0	0.001	0.001	0
501	2	1966	1974	8	-0.071	-0.041	-0.003	-0.026	-0.016
501	3	1984	1989	5	-0.017	-0.008	-0.005	-0.005	0
501	4	2006	2011	5	-0.087	0.001	-0.016	-0.035	-0.038
501	5	2017	2022	5	0.011	0.027	-0.004	0.026	0.037
510	1	1965	1970	5	-0.081	-0.039	-0.013	-0.023	-0.022
510	2	1972	1977	5	0.001	0.002	-0.029	0.002	0
510	3	2000	2010	10	-0.021	-0.005	-0.013	0.01	-0.01
510	4	2013	2021	8	-0.111	-0.07	-0.053	-0.074	-0.029
510	5	2023	2023	0	0.033	0.028	0.005	0.026	-0.012
511	1	1964	1964	0	-0.179	-0.122	-0.029	-0.02	0.075
516	1	1966	1971	5	-0.095	-0.064	-0.008	-0.008	-0.007
516	2	1987	1992	5	-0.027	-0.034	0.033	0.06	0.003
516	3	1994	2002	8	-0.074	-0.016	-0.024	-0.047	-0.019
516	4	2005	2015	10	-0.015	-0.096	0.02	-0.156	-0.037
516	5	2016	2023	7	-0.011	-0.002	-0.1	-0.015	-0.022
517	1	1964	1969	5	-0.021	-0.006	-0.006	-0.006	-0.007
517	2	1970	1978	8	-0.146	-0.071	-0.063	-0.082	-0.038
517	3	1993	1998	5	-0.189	-0.07	-0.004	-0.178	-0.001
517	4	2000	2005	5	0.091	-0.001	0.075	0.083	0.034
517	5	2016	2023	7	-0.013	-0.04	-0.055	-0.015	-0.044
520	1	1965	1973	8	-0.279	-0.22	-0.095	-0.124	-0.076
520	2	1990	1995	5	0.02	-0.013	0.02	0.049	-0.03
520	3	2012	2021	9	-0.032	0.004	-0.007	0.026	0.033
522	1	2005	2010	5	-0.021	-0.007	0.016	-0.007	-0.007
522	2	2020	2023	3	-0.002	0.001	0.012	0.001	0.011
530	1	1975	1980	5	-0.014	-0.013	-0.003	0.007	0.043
530	2	1994	1999	5	0.012	0.013	0.005	0.004	0.011
530	3	2006	2015	9	-0.026	-0.012	-0.008	-0.008	-0.017
530	4	2020	2023	3	-0.05	-0.049	-0.013	-0.054	-0.034
531	1	1950	1958	8	-0.009	0.004	-0.034	-0.04	-0.019
531	2	1960	1968	8	-0.036	-0.068	-0.019	-0.031	-0.019
531	3	1974	1979	5	-0.008	-0.013	-0.002	-0.019	0.014
531	4	2000	2008	8	-0.054	-0.026	-0.009	-0.028	-0.02
531	5	2018	2023	5	0	0.003	0.002	0.011	-0.049
540	1	2002	2007	5	0.019	0.013	-0.011	0.032	0.008
540	2	2013	2018	5	0.064	0.046	0.016	0.061	0.043
540	3	2020	2023	3	-0.017	-0.011	0.008	-0.023	-0.006
541	1	1974	1979	5	0.028	0.012	0.021	0.032	0.108
541	2	2000	2005	5	0.008	0.015	0.009	0.018	0.002
541	3	2010	2018	8	-0.059	-0.039	-0.024	-0.054	-0.038
541	4	2019	2023	4	-0.048	-0.048	-0.023	-0.037	-0.029
551	1	1969	1978	9	-0.115	-0.068	-0.042	-0.067	-0.002
551	2	2005	2015	10	-0.04	-0.047	-0.026	-0.171	-0.043
551	3	2016	2023	7	0.078	0.066	0.078	0.192	0.058
552	1	1929	1934	5	0.006	0.001	0.002	0.002	0.001
552	2	1954	1959	5	-0.017	-0.007	-0.006	0.001	-0.003
552	3	1964	1969	5	-0.031	-0.048	-0.024	-0.015	-0.004
552	4	1978	1983	5	0.139	0.111	0.085	0.173	0.192
552	5	1987	1995	8	-0.006	1.73E-18	0.014	-0.006	-0.036
552	6	1998	2006	8	-0.05	-0.077	-0.002	-0.06	-0.02
552	7	2013	2023	10	0.028	-0.023	0.002	-0.024	-0.019
553	1	1965	1970	5	-0.066	-0.046	-0.065	-0.065	-0.008
553	2	1976	1981	5	-0.042	-0.008	-0.008	-0.008	-0.011
553	3	1999	2009	10	-0.072	-0.042	-0.028	-0.037	-0.033
553	4	2010	2019	9	-0.015	0.015	0.064	-0.051	-0.031
553	5	2022	2023	1	-0.025	-0.037	-0.042	-0.046	-0.042
560	1	1948	1953	5	-0.036	-0.022	-0.018	-0.037	-0.008
560	2	1961	1966	5	-0.026	-0.006	-0.014	-0.006	-0.004
560	3	1984	1989	5	0.009	0.023	-0.02	0.015	0.002
560	4	2013	2022	9	-0.061	-0.054	-0.065	-0.062	-0.026
560	5	2023	2023	0	-0.024	-0.02	-0.017	-0.019	-0.035
565	1	1983	1988	5	-0.009	0.006	-0.002	0.003	-0.001
565	2	2000	2005	5	-0.007	0.001	-0.003	-0.022	0.002
565	3	2010	2019	9	0.005	-0.02	-0.018	-0.025	-0.049
565	4	2020	2023	3	-0.013	0	-0.027	-0.018	-0.052
570	1	1961	1966	5	0.183	0.106	0.051	0.101	0.126
570	2	1969	1974	5	-0.237	-0.126	-0.071	-0.158	-0.087
570	3	1986	1996	10	0.188	0.137	0.092	0.168	0.112
570	4	1999	2004	5	0.247	0.165	0.11	0.152	0.17
570	5	2007	2012	5	-0.034	0.001	-0.02	0.03	-0.02
570	6	2015	2020	5	0.006	0.021	0.017	0.06	-0.01
570	7	2021	2023	2	0.009	-0.002	-0.008	-0.061	-0.015
571	1	1977	1982	5	0.006	0.009	0.02	0.005	-0.011
571	2	2008	2017	9	-0.046	-0.054	-0.067	-0.071	-0.038
571	3	2019	2023	4	-0.123	-0.147	-0.13	-0.209	-0.086
572	1	1973	1978	5	-0.11	-0.047	-0.019	-0.054	-0.011
572	2	2018	2023	5	-0.008	-0.007	-0.048	-0.034	-0.028
580	1	1921	1926	5	-0.004	-0.006	-0.012	0	-0.001
580	2	1940	1945	5	-0.007	-0.002	0.004	0	-0.001
580	3	1947	1952	5	-0.028	0.015	-0.002	-0.001	-0.002
580	4	1972	1980	8	-0.056	-0.042	0.001	-0.041	-0.021
580	5	1995	2000	5	-0.052	-0.088	-0.017	-0.026	-0.024
580	6	2002	2011	9	-0.279	-0.177	-0.174	-0.148	-0.119
580	7	2019	2023	4	-0.024	-0.043	-0.034	-0.036	-0.028
581	1	1978	1987	9	0.035	-0.003	0.058	0.015	-0.034
581	2	1993	2001	8	-0.195	-0.115	-0.059	-0.054	-0.078
581	3	2006	2015	9	-0.028	-0.006	-0.008	-0.014	-0.021
581	4	2016	2023	7	-0.144	-0.144	-0.079	-0.13	-0.071
590	1	1971	1976	5	0.005	0.014	0.004	0.001	0.014
590	2	1990	1995	5	0.014	0.01	0.01	0.014	0.011
590	3	2013	2018	5	-0.006	-0.028	-0.009	-0.056	-0.013
590	4	2019	2023	4	-0.266	-0.271	-0.165	-0.23	-0.236
591	1	1972	1981	9	-0.126	-0.067	-0.057	-0.146	0.043
591	2	2023	2023	0	-0.016	-0.013	-0.008	-0.007	-0.017
600	1	1966	1974	8	-0.024	-0.047	0.016	-0.001	-0.004
600	2	2017	2022	5	-0.003	0.013	-0.016	-0.007	0.013
615	1	1953	1961	8	-0.029	-0.065	-0.021	0.032	0.001
615	2	1964	1969	5	-0.107	-0.03	-0.027	-0.024	-0.032
615	3	1970	1975	5	0	0	-0.004	-0.01	0.001
615	4	1992	2002	10	-0.027	0.004	0.009	-0.083	-0.027
615	5	2013	2021	8	-0.046	-0.028	-0.029	-0.064	-0.002
615	6	2022	2023	1	-0.011	-0.016	-0.006	-0.02	-0.006
616	1	1975	1980	5	0.006	0.01	0.001	-0.001	0.002
616	2	1986	1991	5	-0.002	-0.062	0.001	-0.026	0.02
616	3	1992	1997	5	-0.011	-0.002	-0.002	-0.012	-0.008
616	4	2004	2009	5	0	0.003	-0.004	-0.025	-0.002
616	5	2013	2018	5	-0.035	-0.003	0.045	-0.024	-0.039
616	6	2019	2023	4	-0.262	-0.339	-0.197	-0.279	-0.19
620	1	1969	1974	5	-0.068	-0.107	-0.025	-0.029	0.009
620	2	1978	1983	5	-0.001	-0.012	0	0	0
620	3	2014	2022	8	-0.332	-0.192	-0.159	-0.17	-0.169
620	4	2023	2023	0	-0.014	-0.005	-0.006	-0.006	0.002
625	1	1958	1963	5	-0.219	-0.097	-0.084	-0.093	-0.048
625	2	1969	1977	8	-0.064	-0.028	-0.04	-0.023	-0.018
625	3	1982	1987	5	0.183	0.084	0.109	0.102	0.068
625	4	1989	1994	5	-0.279	-0.147	-0.147	-0.134	-0.112
625	5	2000	2005	5	0.055	0.028	0.03	0.019	0.014
625	6	2013	2023	10	-0.088	-0.015	-0.021	-0.013	-1.73E-18
626	1	2013	2021	8	-0.07	-0.048	-0.028	0.025	-0.03
626	2	2022	2023	1	0.012	0.01	0.019	-0.091	0.006
630	1	1908	1917	9	-0.002	-0.035	-0.004	0.005	-0.001
630	2	1921	1930	9	-0.007	0.013	0.005	-0.05	0.011
630	3	1941	1946	5	0.05	0.06	0.029	0.108	0.033
630	4	1953	1961	8	-0.144	-0.063	-0.059	-0.185	-0.023
630	5	1980	1985	5	-0.053	0.012	-0.022	-0.041	0.005
630	6	1990	1995	5	-0.002	0.011	-0.006	0	-0.011
630	7	2000	2009	9	-0.079	-0.044	-0.033	-0.088	-0.027
630	8	2010	2015	5	0.03	0.015	0.005	0.006	0.005
630	9	2017	2023	6	-0.031	-0.05	-0.014	-0.111	-0.02
640	1	1910	1918	8	-0.082	-0.059	-0.014	-0.04	-0.021
640	2	1925	1930	5	-0.008	-0.021	0.044	-0.007	0.005
640	3	1954	1959	5	-0.05	-0.027	-0.019	-0.034	-0.019
640	4	1960	1965	5	-0.032	0.06	0.045	0.103	0.023
640	5	1970	1975	5	0.004	-0.012	0.016	0.024	-0.012
640	6	1980	1985	5	-0.17	-0.1	-0.11	-0.108	-0.107
640	7	2005	2013	8	-0.196	-0.211	-0.09	-0.271	-0.147
640	8	2014	2022	8	-0.183	-0.186	-0.143	-0.141	-0.133
645	1	1958	1968	10	-0.157	-0.113	-0.046	-0.121	-0.021
645	2	1979	1984	5	0.033	0.005	0.001	-0.027	0
645	3	1991	1996	5	0.003	-0.002	0.002	-0.002	-0.019
645	4	2013	2022	9	-0.041	-0.051	-0.056	-0.071	-0.031
645	5	2023	2023	0	-0.014	0.007	0.002	0.005	0.006
651	1	1913	1918	5	-0.046	-0.067	-0.007	-0.022	-0.007
651	2	1931	1936	5	-0.001	-0.001	-0.001	-0.001	0.003
651	3	1952	1957	5	-0.056	-0.069	-0.012	-0.058	0.061
651	4	1958	1966	8	0.061	0.019	0.009	0.013	0.017
651	5	1971	1976	5	0.017	0.02	0.026	0.046	-0.047
651	6	1980	1985	5	0.015	0.011	0.005	0.002	0.004
651	7	1991	1996	5	-0.008	-0.004	-0.006	-0.003	-0.004
651	8	2001	2006	5	-0.007	-0.002	0.007	0.003	-0.012
651	9	2009	2018	9	-0.036	-0.045	-0.021	-0.049	0.004
652	1	1929	1939	10	0.013	-0.011	0.002	-0.015	0.003
652	2	1945	1954	9	0.133	0.053	0.052	0.127	0.066
652	3	1958	1968	10	-0.207	-0.154	-0.076	-0.162	-0.051
652	4	1970	1975	5	0.044	-0.005	0.025	-0.017	0.01
652	5	2000	2005	5	0.005	0.011	-0.01	0.007	-0.019
652	6	2011	2016	5	-0.009	-0.025	-0.002	-0.008	-0.035
660	1	1951	1956	5	0.065	0.028	0.025	0.029	0.028
660	2	1957	1962	5	0.011	0.012	0.005	0.028	0.006
660	3	1972	1980	8	-0.051	-0.03	-0.017	-0.061	0.004
660	4	1988	1998	10	-0.03	-0.001	0.007	0.02	-0.009
660	5	2008	2013	5	0.046	0.048	0.035	0.029	0.024
660	6	2015	2023	8	-0.131	-0.071	-0.051	-0.09	-0.083
663	1	1954	1962	8	-0.044	-0.017	-0.008	-0.018	-0.016
663	2	1968	1973	5	-0.004	-0.002	0	-0.014	0.003
663	3	1975	1980	5	0.007	-0.037	0.004	-0.004	0.002
663	4	1999	2004	5	0.005	0.009	-0.007	0.02	-0.012
663	5	2016	2023	7	0.002	0.031	0.004	0.025	0.005
666	1	1953	1958	5	0.009	0.007	0.007	0.008	0.009
666	2	1965	1970	5	0.034	0.051	0.037	0.041	0.046
666	3	1984	1989	5	0.002	0.003	0.011	-0.002	0.005
666	4	2001	2006	5	-0.008	-0.009	-0.015	-0.009	-0.01
666	5	2010	2018	8	-0.058	-0.062	-0.039	-0.05	-0.062
666	6	2022	2023	1	-0.016	-0.023	-0.012	-0.046	-0.042
670	1	2021	2023	2	0.001	0	0.001	-0.005	0.006
678	1	1975	1983	8	-0.029	-0.008	-0.011	-0.013	-0.008
679	1	1992	2000	8	-0.015	-0.014	0.024	-0.037	8.67E-19
679	2	2008	2016	8	-0.172	-0.117	-0.098	-0.146	-0.07
679	3	2017	2022	5	0.01	0.005	0	0.024	-0.012
680	1	1960	1965	5	-0.024	-0.026	-0.01	0.011	0.057
680	2	1966	1971	5	-0.036	-0.049	-0.006	-0.056	0.043
680	3	1978	1983	5	0.038	0.009	-0.011	0.003	0.018
680	4	1986	1990	4	0.015	-0.033	0.01	0.006	-0.005
690	1	1967	1972	5	-0.005	-0.002	-0.002	-0.009	-0.001
690	2	1976	1981	5	-0.027	-0.011	-0.011	-0.027	-0.012
690	3	1986	1995	9	0.011	0.006	-3.47E-18	0.015	0.012
690	4	2001	2006	5	0.04	0.019	0.01	0.021	0.025
690	5	2012	2017	5	0.001	0.002	-0.003	-0.012	0.001
690	6	2018	2023	5	0.003	0.016	0.003	-0.039	-0.022
692	1	1926	1931	5	0.004	0	-0.01	0.014	0.03
692	2	1974	1979	5	-0.101	0	-0.021	-0.165	-0.015
692	3	2011	2020	9	-0.099	-0.032	-0.07	-0.057	-0.035
696	1	2004	2009	5	0.046	0.011	0.007	-0.034	0.015
696	2	2011	2016	5	0.027	0.009	0.01	-0.008	0.023
696	3	2018	2023	5	0.009	-0.014	0.003	-0.002	-0.008
700	1	1932	1937	5	-0.028	-0.001	-0.004	0.007	0.003
700	2	1952	1957	5	-0.016	-0.002	-0.001	-0.001	-0.001
700	3	1972	1982	10	-0.075	-0.054	-0.012	-0.073	0.029
700	4	1990	1998	8	-0.02	-0.021	-0.014	-0.03	-0.073
700	5	2009	2014	5	-0.027	-0.002	1.73E-18	-0.007	-0.014
700	6	2016	2023	7	-0.3	-0.195	-0.149	-0.31	-0.198
701	1	1992	2000	8	-0.106	-0.03	-0.02	-0.071	-0.073
701	2	2006	2011	5	0.064	0.008	-0.014	0.02	0.009
701	3	2013	2018	5	0.004	0.008	-0.007	0.004	-0.021
702	1	1992	2000	8	-0.066	-0.043	0.009	5.20E-18	-0.119
702	2	2001	2010	9	-0.016	-0.019	-0.028	-0.041	-0.023
702	3	2011	2020	9	-0.052	-0.024	-0.017	-0.031	-0.062
702	4	2022	2023	1	-0.008	-0.001	0.003	0.002	-0.003
703	1	1993	2001	8	-0.071	-0.04	0.036	0.01	-0.047
703	2	2003	2012	9	0.183	0.161	0.152	0.185	0.088
703	3	2013	2022	9	-0.085	-0.08	-0.096	-0.146	-0.048
703	4	2023	2023	0	-0.024	-0.043	-0.014	-0.058	-0.016
704	1	1992	2000	8	-0.07	-0.038	-0.013	-0.059	-0.038
704	2	2005	2010	5	0.007	0	-0.007	-0.008	0.003
704	3	2021	2023	2	0.011	-0.003	0.01	-0.021	-0.002
705	1	1994	2002	8	-0.048	-0.049	-0.019	-0.102	-0.037
705	2	2017	2022	5	0.029	0.02	0.036	0.07	0.031
710	1	1914	1919	5	-0.001	0.011	0.003	0.005	0
710	2	1921	1929	8	-0.033	-0.025	-0.007	-0.002	0.014
710	3	1949	1954	5	-0.085	-0.051	-0.035	-0.042	0.066
710	4	1956	1961	5	-0.004	-0.003	-0.005	-0.04	-0.004
710	5	1978	1983	5	0.03	0.028	0.017	0.098	-0.024
710	6	1990	1995	5	0	0.002	0.008	0.012	-0.012
710	7	2005	2010	5	-0.009	-0.017	-0.001	-0.005	-0.004
710	8	2013	2023	10	-0.02	-0.018	-0.013	-0.059	-0.023
712	1	1928	1933	5	0	-0.002	0	-0.004	0.002
712	2	1937	1945	8	-0.023	0.011	0.003	-0.018	0.012
712	3	1996	2005	9	-0.033	-0.032	-0.025	-0.011	-0.069
712	4	2008	2018	10	-0.031	-0.029	-0.032	-0.053	-0.05
712	5	2020	2023	3	-0.132	-0.136	-0.097	-0.134	-0.133
713	1	1938	1943	5	-0.003	-0.003	-0.002	-0.021	-0.002
713	2	1949	1954	5	-0.021	0.025	0.007	-0.003	0.001
713	3	1978	1983	5	0.016	0.016	0.015	0.021	0.039
713	4	2004	2013	9	0.018	-0.004	0.064	-0.039	0.03
713	5	2019	2023	4	-0.022	-0.014	-0.025	-0.013	-0.008
731	1	1950	1955	5	-0.002	-0.001	-0.001	-0.005	0.007
731	2	1995	2000	5	-0.002	-0.001	0	-0.004	-0.021
732	1	1910	1915	5	-0.005	-0.011	-0.004	0.001	0.014
732	2	1950	1955	5	0.002	-0.003	0.027	0.003	0.013
732	3	1961	1966	5	-0.059	-0.091	-0.05	-0.115	-0.036
732	4	1972	1977	5	-0.068	-0.039	-0.011	-0.029	-0.032
732	5	1981	1986	5	0.109	0.044	0.023	0.021	0.044
732	6	1995	2000	5	0.098	0.141	0.152	0.149	0.121
732	7	2008	2017	9	0.021	0.032	0.012	0.008	0.014
732	8	2019	2023	4	-0.163	-0.195	-0.138	-0.203	-0.149
740	1	1930	1938	8	-0.04	-0.021	-0.021	-0.06	-0.018
740	2	1939	1944	5	-0.034	-0.017	-0.008	-0.035	-0.002
740	3	2013	2018	5	-0.014	-0.012	-0.019	-0.029	-0.017
740	4	2021	2023	2	-0.017	-0.015	-0.018	-0.026	-0.016
750	1	1947	1952	5	0.379	0.294	0.237	0.393	0.259
750	2	1962	1970	8	-0.018	-0.031	-0.014	0.004	-0.008
750	3	1971	1979	8	0.006	0.024	0.031	0.039	0.012
750	4	1999	2004	5	-0.02	-0.016	-0.013	-0.017	-0.023
750	5	2009	2017	8	-0.228	-0.2	-0.177	-0.295	-0.178
750	6	2019	2023	4	-0.105	-0.089	-0.065	-0.079	-0.068
760	1	2013	2021	8	-0.036	-0.033	-0.009	-0.003	-0.01
760	2	2022	2023	1	-0.044	-0.038	-0.036	-0.02	-0.03
770	1	1953	1963	10	-0.06	-0.04	-0.035	-0.06	-0.008
770	2	1969	1974	5	0.092	0.014	0.069	0.108	0.01
770	3	1977	1985	8	-0.072	-0.042	-0.047	-0.095	-0.016
770	4	1999	2004	5	-0.036	-0.006	0.032	0.069	-0.01
770	5	2015	2023	8	-0.133	-0.076	-0.072	-0.089	-0.04
771	1	1975	1980	5	-0.006	-0.005	0.026	-0.007	-0.011
771	2	1981	1986	5	-0.162	-0.06	-0.052	-0.05	-0.052
771	3	1988	1993	5	0.186	0.103	0.084	0.086	0.063
771	4	1996	2001	5	-0.012	-0.004	-0.01	-0.015	-0.005
771	5	2002	2011	9	-0.083	-0.099	-0.048	-0.017	-0.032
771	6	2012	2020	8	-0.163	-0.072	-0.079	-0.085	-0.08
775	1	1941	1946	5	-0.057	-0.026	-0.004	0.01	-0.006
775	2	1958	1967	9	-0.348	-0.266	-0.196	-0.287	-0.165
775	3	1988	1996	8	-0.042	-0.009	-0.011	-0.016	0.009
775	4	2018	2023	5	-0.324	-0.22	-0.163	-0.261	-0.172
780	1	1949	1957	8	-0.045	-0.04	-0.018	-0.049	0.022
780	2	1959	1964	5	0.036	0.021	0.02	0.026	0.043
780	3	1970	1978	8	-0.104	-0.126	-0.045	-0.108	-0.088
780	4	1979	1987	8	-0.089	-0.089	-0.027	-0.066	-0.059
780	5	1989	1994	5	0.027	0.039	0.029	0.014	0.022
780	6	1998	2003	5	-0.016	-0.011	0	-0.011	-0.009
780	7	2004	2009	5	-0.166	-0.106	-0.124	-0.113	-0.079
780	8	2018	2023	5	-0.01	-0.023	-0.025	-0.087	-0.008
781	1	1941	1946	5	-0.01	0.01	-0.001	-0.001	-0.002
781	2	2002	2007	5	0.148	0.073	0.071	0.124	0.102
781	3	2010	2018	8	-0.221	-0.21	-0.041	-0.335	-0.17
781	4	2021	2023	2	0.02	0.02	0.012	0.026	-0.012
790	1	1960	1968	8	-0.115	-0.052	-0.003	-0.131	-0.011
790	2	2000	2008	8	0.089	0.109	0.007	0.078	0.083
790	3	2010	2018	8	0.081	0.055	0.161	-0.03	0.026
790	4	2019	2023	4	0.045	-3.47E-18	0.027	-0.012	0.012
800	1	1947	1957	10	-0.034	-0.029	-0.007	-0.066	-0.001
800	2	1958	1963	5	-0.035	-0.02	-0.003	0.006	-0.001
800	3	1971	1981	10	0.138	0.091	0.059	0.144	0.079
800	4	1991	2001	10	0.174	0.148	0.159	0.215	0.165
800	5	2003	2011	8	-0.09	-0.034	-0.033	-0.085	-0.049
800	6	2013	2018	5	-0.333	-0.297	-0.157	-0.418	-0.166
800	7	2020	2023	3	0.083	0.043	0.041	0.089	0.029
811	1	1949	1958	9	0.171	0.059	0.078	0.132	0.096
811	2	1962	1967	5	-0.008	-0.004	-0.02	0.001	-0.002
811	3	1970	1980	10	-0.191	-0.129	-0.059	-0.154	-0.074
811	4	1992	2002	10	0.181	0.096	0.125	0.193	0.054
811	5	2003	2008	5	-0.007	-0.003	-0.001	-0.034	-0.003
811	6	2013	2021	8	-0.109	-0.053	-0.053	-0.111	-0.028
811	7	2023	2023	0	-0.007	-0.007	-0.002	0.002	-0.01
812	1	1959	1964	5	-0.095	-0.044	-0.033	-0.037	-0.027
812	2	1965	1970	5	0.015	0.005	0.004	0.005	0.002
812	3	1975	1980	5	-0.166	-0.061	0.012	-0.096	0.032
812	4	1991	1996	5	-0.03	-0.005	-0.005	0	-0.006
812	5	2005	2010	5	0	0	0.009	0	-0.01
812	6	2020	2023	3	0.004	-0.006	0.015	-0.007	0.008
816	1	1948	1956	8	-0.056	-0.073	-0.037	-0.054	-0.017
816	2	1958	1963	5	-0.008	-0.007	-0.002	-0.051	-0.005
816	3	1978	1983	5	-0.069	-0.011	-0.02	-0.011	-0.024
816	4	1989	1994	5	-0.014	0.012	-0.004	-0.041	0.008
816	5	2020	2023	3	-0.063	-0.007	-0.023	-0.023	-0.023
817	1	1963	1968	5	0.024	0.031	0.009	0.036	0.007
820	1	1940	1945	5	-0.01	-0.036	-0.001	-0.01	-0.002
820	2	1969	1974	5	-0.062	-0.031	-0.019	-0.033	-0.014
820	3	1981	1986	5	-0.009	-0.025	-0.01	-0.017	-0.005
820	4	1987	1992	5	-0.011	-0.009	-0.003	0.016	-0.017
820	5	2020	2023	3	0.031	0.02	0.009	-0.005	0.035
830	1	1941	1951	10	0.099	0.038	0.016	0.081	0.008
830	2	1960	1969	9	-0.089	-0.033	-0.014	-0.136	-0.01
830	3	1992	1997	5	0.003	0.001	0.001	0.002	0.002
830	4	2017	2023	6	-0.029	-0.006	-0.003	-0.041	-0.023
840	1	1941	1946	5	0.045	0.053	0.043	0.054	0.017
840	2	1966	1975	9	-0.327	-0.25	-0.144	-0.243	-0.115
840	3	1992	1997	5	-0.022	-0.013	-0.023	0.011	-0.013
840	4	1999	2007	8	-0.112	-0.073	-0.076	-0.109	-0.062
840	5	2013	2021	8	-0.119	-0.147	-0.084	-0.121	-0.118
840	6	2022	2023	1	0	0.006	-0.008	-0.016	0.011
850	1	1957	1965	8	-0.394	-0.285	-0.162	-0.37	-0.173
850	2	1966	1975	9	0.002	-0.022	-0.034	-0.017	-0.013
850	3	1977	1982	5	-0.027	-0.01	-0.007	-0.007	0
850	4	2009	2018	9	-0.105	-0.081	-0.068	-0.124	-0.087
850	5	2019	2023	4	-0.062	-0.105	-0.049	-0.061	-0.084
860	1	1974	1979	5	0.028	0	0	-0.026	0.062
860	2	2005	2010	5	0.055	0.067	0.092	0.02	0.039
860	3	2014	2019	5	0.051	0.024	0.058	0.058	0.029
860	4	2020	2023	3	0.008	-0.006	0.025	0.033	0.01
900	1	1910	1919	9	-0.019	-0.018	-0.014	-0.017	-0.01
900	2	1939	1944	5	-0.03	-0.031	-0.026	-0.033	-0.01
900	3	1950	1955	5	0.008	0.025	0.007	0.022	0.029
900	4	1991	2001	10	-0.008	-0.007	-0.034	-0.017	-0.009
900	5	2013	2023	10	-0.048	-0.061	-0.005	-0.06	-0.083
910	1	2007	2015	8	-0.077	-0.056	-0.041	-0.059	-0.048
910	2	2017	2022	5	0.032	0.028	0.015	0.029	0.022
920	1	1912	1920	8	0.007	0.01	0.011	0.004	0.014
920	2	1935	1944	9	-0.038	-0.04	-0.027	-0.026	0.038
920	3	1950	1955	5	0.008	0.007	-0.007	-0.022	-0.002
920	4	1968	1973	5	0.014	0.014	-0.009	0.027	0.021
920	5	1975	1980	5	-0.008	-0.003	-0.007	-0.075	0.002
920	6	1983	1988	5	0.014	0.03	0.012	-0.009	0.001
920	7	2021	2023	2	-0.004	-0.005	-0.02	-0.014	-0.011
935	1	1906	1911	5	0.002	0.001	-0.023	0	-0.001
935	2	1940	1945	5	0.005	0.001	-0.02	0	0.011
935	3	1984	1989	5	-0.017	-0.014	-0.009	-0.01	-0.015
935	4	1991	1996	5	-0.079	-0.056	0.05	-0.059	-0.061
935	5	2000	2010	10	0.114	0.093	0.067	0.121	0.098
935	6	2013	2018	5	0.047	0.059	0.027	0.054	0.043
935	7	2019	2023	4	0.033	0.028	0.033	-0.009	0.015
940	1	1949	1954	5	0.008	0.017	0.001	-0.006	0.017
940	2	1981	1989	8	0.012	0.005	0.02	-0.008	-0.006
940	3	1997	2005	8	-0.022	-0.023	-0.005	0.004	-0.033
940	4	2006	2011	5	0.053	0.04	0.029	0.026	0.025
940	5	2019	2023	4	0.026	0.018	0.021	5.20E-18	0.032
950	1	1938	1943	5	0.001	0.001	0	-0.027	0.001
950	2	1987	1992	5	-0.167	-0.146	-0.063	-0.309	-0.081
950	3	1994	1999	5	0.01	0.018	0.005	-0.01	0.011
950	4	2000	2005	5	-0.021	-0.037	-0.01	-0.074	-0.015
950	5	2006	2014	8	-0.336	-0.23	-0.173	-0.15	-0.144
950	6	2019	2023	4	0.094	0.124	0.062	0.11	0.043
1001	1	1941	1946	5	0.005	0.009	0.014	0.02	0.008
1001	2	1997	2002	5	-0.006	0.003	0.002	-0.039	0
1001	3	2011	2020	9	-0.102	-0.114	-0.051	-0.242	-0.061
1001	4	2021	2023	2	-0.116	-0.084	-0.044	-0.038	-0.046
1002	1	1959	1964	5	0	0.014	0	0	0
1002	2	2013	2022	9	-0.02	-0.042	-0.011	-0.038	-0.008
1002	3	2023	2023	0	0.001	0.01	-0.012	0	0.005
1003	1	1977	1982	5	0.003	-0.001	-0.031	0.001	0.002
1003	2	2006	2011	5	-0.309	-0.206	-0.143	-0.162	-0.174
1003	3	2014	2019	5	0.017	0.025	0.014	-0.007	0.013
